// grafos completos
2;16770
3;25400
4;53100
5;118900
6;177400
7;581900
8;196900
9;679100
10;1618900
11;2617400
12;4374500
13;4589900
14;12071500
15;17962800
16;20595000
17;51814800
18;97526500
19;200409500
20;468982800
21;1026658600
22;1615980200
23;3404401100
24;7415445500
25;16311737000
// grafos aleatorios
2;5200
3;2400
4;3100
5;4700
6;8600
7;16300
8;34500
9;75900
10;161900
11;320000
12;701900
13;1567100
14;3360700
15;7471400
16;16563300
17;36985500
18;82313900
19;166180500
20;360728400
21;813160900
22;1667094400
23;3504539200
24;7496424700
25;15491879500
//arboles
2;6400
3;21700
4;52300
7;428200
13;11775900
15;13434300

Process finished with exit code 0