//salidas completos
50;1780300
75;267100
100;462100
125;723000
150;605100
175;1538300
200;1905200
225;1478200
250;3738300
275;2008300
300;2372600
325;2458500
350;2684100
375;3068100
400;3086400
425;3570600
450;4259100
475;738500
500;5127900
525;5649300
550;6208200
575;7086000
600;512900
625;8342200
650;9139100
675;9804400
700;10288000
725;11355500
750;11843900
775;10440500
800;13422200
825;14770100
850;15324900
875;5190800
900;17424500
925;17928100
950;18502400
975;19616100
1000;21006500
1025;22070100
1050;19934000
1075;26770800
1100;26267300
1125;27801600
1150;28312400
1175;29455200
1200;33473300
1225;31384700
1250;32482800
1275;34019000
1300;35684800
1325;36592000
1350;19345900
1375;38782700
1400;40421300
1425;43648500
1450;43953600
1475;45868800
1500;33302200
1525;48945700
1550;51370100
1575;52069600
1600;54147200
1625;54558800
1650;58345300
1675;59589500
1700;62395000
1725;40746000
1750;64627800
1775;66321400
1800;70559600
1825;71751100
1850;75182200
1875;75713000
1900;40783200
1925;79157900
1950;83872300
1975;84734600
2000;87437300
//salidas aleatorios
50;9200
75;9000
100;20600
125;51400
150;87800
175;126200
200;207100
225;304200
250;371800
275;467200
300;569400
325;950600
350;934300
375;2125600
400;1693800
425;2022500
450;2527100
475;3100400
500;4147400
525;4873700
550;5280600
575;6115900
600;6571300
625;7340700
650;8277600
675;9570100
700;9559800
725;10285000
750;11633100
775;11924000
800;13086500
825;13918700
850;14693000
875;15199300
900;16259000
925;17160200
950;7105900
975;19916600
1000;21156800
1025;21877200
1050;22888400
1075;25009100
1100;25303100
1125;26216800
1150;27886400
1175;29557000
1200;30346300
1225;31374800
1250;33730600
1275;34659100
1300;35105000
1325;37684400
1350;37547400
1375;39441000
1400;42078500
1425;44057700
1450;34664100
1475;46202900
1500;47580900
1525;49026000
1550;50949800
1575;50995300
1600;52973400
1625;56453400
1650;58359300
1675;61049100
1700;62044300
1725;31007300
1750;65056200
1775;67936400
1800;69936200
1825;74472200
1850;74064000
1875;76713200
1900;77871900
1925;78814600
1950;83511700
1975;86205300
2000;88262900
//salidas arboles
63;6400
121;76200
127;85900
255;882100
364;1835200
1093;27254500
3280;249008600

Process finished with exit code 0
