40
0100000000000010000000000001000000000000
1010001000100000000000000000000000000000
0101110000000000000000000000000000000000
0010000000000000000000000000000000000000
0010000000000000000000000000000000000000
0010000000000000000000000000000000000000
0100000111000000000000000000000000000000
0000001000000000000000000000000000000000
0000001000000000000000000000000000000000
0000001000000000000000000000000000000000
0100000000011100000000000000000000000000
0000000000100000000000000000000000000000
0000000000100000000000000000000000000000
0000000000100000000000000000000000000000
1000000000000001000100010000000000000000
0000000000000010111000000000000000000000
0000000000000001000000000000000000000000
0000000000000001000000000000000000000000
0000000000000001000000000000000000000000
0000000000000010000011100000000000000000
0000000000000000000100000000000000000000
0000000000000000000100000000000000000000
0000000000000000000100000000000000000000
0000000000000010000000001110000000000000
0000000000000000000000010000000000000000
0000000000000000000000010000000000000000
0000000000000000000000010000000000000000
1000000000000000000000000000100010001000
0000000000000000000000000001011100000000
0000000000000000000000000000100000000000
0000000000000000000000000000100000000000
0000000000000000000000000000100000000000
0000000000000000000000000001000001110000
0000000000000000000000000000000010000000
0000000000000000000000000000000010000000
0000000000000000000000000000000010000000
0000000000000000000000000001000000000111
0000000000000000000000000000000000001000
0000000000000000000000000000000000001000
0000000000000000000000000000000000001000
