31
0100000000000000100000000000000
1010000001000000000000000000000
0101001000000000000000000000000
0010110000000000000000000000000
0001000000000000000000000000000
0001000000000000000000000000000
0010000110000000000000000000000
0000001000000000000000000000000
0000001000000000000000000000000
0100000000100100000000000000000
0000000001011000000000000000000
0000000000100000000000000000000
0000000000100000000000000000000
0000000001000011000000000000000
0000000000000100000000000000000
0000000000000100000000000000000
1000000000000000010000001000000
0000000000000000101001000000000
0000000000000000010110000000000
0000000000000000001000000000000
0000000000000000001000000000000
0000000000000000010000110000000
0000000000000000000001000000000
0000000000000000000001000000000
0000000000000000100000000100100
0000000000000000000000001011000
0000000000000000000000000100000
0000000000000000000000000100000
0000000000000000000000001000011
0000000000000000000000000000100
0000000000000000000000000000100
