63
010000000000000000000000000000001000000000000000000000000000000
101000000000000001000000000000000000000000000000000000000000000
010100000010000000000000000000000000000000000000000000000000000
001010010000000000000000000000000000000000000000000000000000000
000101100000000000000000000000000000000000000000000000000000000
000010000000000000000000000000000000000000000000000000000000000
000010000000000000000000000000000000000000000000000000000000000
000100001100000000000000000000000000000000000000000000000000000
000000010000000000000000000000000000000000000000000000000000000
000000010000000000000000000000000000000000000000000000000000000
001000000001001000000000000000000000000000000000000000000000000
000000000010110000000000000000000000000000000000000000000000000
000000000001000000000000000000000000000000000000000000000000000
000000000001000000000000000000000000000000000000000000000000000
000000000010000110000000000000000000000000000000000000000000000
000000000000001000000000000000000000000000000000000000000000000
000000000000001000000000000000000000000000000000000000000000000
010000000000000000100000010000000000000000000000000000000000000
000000000000000001010010000000000000000000000000000000000000000
000000000000000000101100000000000000000000000000000000000000000
000000000000000000010000000000000000000000000000000000000000000
000000000000000000010000000000000000000000000000000000000000000
000000000000000000100001100000000000000000000000000000000000000
000000000000000000000010000000000000000000000000000000000000000
000000000000000000000010000000000000000000000000000000000000000
000000000000000001000000001001000000000000000000000000000000000
000000000000000000000000010110000000000000000000000000000000000
000000000000000000000000001000000000000000000000000000000000000
000000000000000000000000001000000000000000000000000000000000000
000000000000000000000000010000110000000000000000000000000000000
000000000000000000000000000001000000000000000000000000000000000
000000000000000000000000000001000000000000000000000000000000000
100000000000000000000000000000000100000000000000100000000000000
000000000000000000000000000000001010000001000000000000000000000
000000000000000000000000000000000101001000000000000000000000000
000000000000000000000000000000000010110000000000000000000000000
000000000000000000000000000000000001000000000000000000000000000
000000000000000000000000000000000001000000000000000000000000000
000000000000000000000000000000000010000110000000000000000000000
000000000000000000000000000000000000001000000000000000000000000
000000000000000000000000000000000000001000000000000000000000000
000000000000000000000000000000000100000000100100000000000000000
000000000000000000000000000000000000000001011000000000000000000
000000000000000000000000000000000000000000100000000000000000000
000000000000000000000000000000000000000000100000000000000000000
000000000000000000000000000000000000000001000011000000000000000
000000000000000000000000000000000000000000000100000000000000000
000000000000000000000000000000000000000000000100000000000000000
000000000000000000000000000000001000000000000000010000001000000
000000000000000000000000000000000000000000000000101001000000000
000000000000000000000000000000000000000000000000010110000000000
000000000000000000000000000000000000000000000000001000000000000
000000000000000000000000000000000000000000000000001000000000000
000000000000000000000000000000000000000000000000010000110000000
000000000000000000000000000000000000000000000000000001000000000
000000000000000000000000000000000000000000000000000001000000000
000000000000000000000000000000000000000000000000100000000100100
000000000000000000000000000000000000000000000000000000001011000
000000000000000000000000000000000000000000000000000000000100000
000000000000000000000000000000000000000000000000000000000100000
000000000000000000000000000000000000000000000000000000001000011
000000000000000000000000000000000000000000000000000000000000100
000000000000000000000000000000000000000000000000000000000000100
