100
0000011010000001111010100000000000000111000100001000010100000001100000100001000000010001100010000100
0001000010110000100001000000000010100000001001000000000000000111100010100000010010100001001001100000
0000000000000001101000000100000010000000000001011010111000000001010010000001001001101000011011001000
0100100000000010000001100010000000011000011111000000110000001000010000100100000001101100110000000010
0001000011001000000000000000000011001000000000000000000011000000100000001000000001000010000000000000
1000000000110000000010000010110000001000101000000000110000100010000000001100000100010000100000011010
1000000100100000000010101000000000000000000100010000010101000100001000100010001001100100000100010000
0000001000000000000010010010000000100000010000000001010101011000000000000001000000001000000011000000
1100100001010111100001011010000000010000010000000001001001000000100100001000001000000000100000000101
0000100010000000000000100110000001001100001011000000010100000000000000000100000000100000000000000000
0100011000000000111001010000001000100100000000000000010100000000000011000011001010000010000000000010
0100010010000000100000001000000000000010010001000010000001000011011000001000000000000010000000000000
0000100000000000001010010110010000000100000100000010000000100000001000001000001000000000000100000000
0000000010000000110011000000000001000110101000000111000010011001001000100100000010100000000100010010
0001000010000000000000010000000000010000001110010000000010101000001000001000000000000001011000000000
1010000010000000000000100000000100010010100000010101000000010100000000000000110010000000001010000000
1110000010110100001000000010100110100000100100001100101000001111100000000000000000000000010000001000
1000000000100100000000000000001010010001000101000000001101000000000000001001100100010100000110000111
1010000000101000100011000000000000100110000100000000000000000101010001000011010001100001010010000000
0000000000000000000000000010001100001000100000000100100100010000010000001000000000100001010100011100
1000011100001100001000000000010100001010000000010110000000000000000001000001000000100001000010000000
0101000010100100001000000001110000100010000000000101010010000000010000000100100010001000000000000000
1001001001000001000000000000010011000000000000001011000000000001000000000011001000000000000000000100
0000000110101010000000000000001000000100100001000011010110000000110000100000000000000010100000000110
0000001010010000000000000100000110000000000000010001000000001000000000000100100000010000001000001001
0010000001001000000000001001001000000100000000000000001011001000000100000010101100100001000101001000
0001010111001000100100000001001000010111000101000100000000000101001001110001010000000001100100101000
0000000000000000000001000110100000010100100000000010000000000000010000010010000000000010000010000000
0000010000000000100001000001000010001101010000000000100000000010000001000010000100100000000100000010
0000010000001000000011100000000001010010000000010000000100001000110000000000011000000000000000010000
0000000000100000010100010110000100000001010000111000000011000000000101000010110001010000100001000010
0000000000000001100110001000001000001000000100000000000000000101110010001000010010000101001101000000
0110100000000000110000101000100000000000000100100001000010000000000000101001000000000000100001000000
0000100001000100000000100000010000000000000000110011000010000000100010000000000001000010000100000000
0100000100100000101001000000000000000001000000010001000001100000000011000000000001001100010000001100
0001000010000011010000000011010000000000000010000101111000101000000000000000000000011100000000000001
0001110001000000000110000000100100000010010000101100000010010000010000001000010100110000000000000110
1000000001101100001000010111100000000000000110000000101000000000000000101010001000000000000000000100
1000000000010101001011000010010000001000000100001000000000000000000000000000100000010000100000000010
1000000000000000010000000010101000100000000000000000001000010000000100000010000101010100100010100000
0000010000000101100100010001000000000000001000000000000000000000000010000000000010011100011000000000
0001000110010000000000000000101000001000000000010000010000010000000010011010000100001001011000100000
0101010001000110000000000000000000000000100000001100000000000010011001000000001111010000010100000001
1001001000001010111000000010000110000110000000010000001011010001000100000001000111000000000100000010
0001000001000010000000000000000000010100000000000001000000000111110000000000000000000000000000000000
0111000001010000010000010010000000000000000000100000100000000000001000010100100000100010000101010000
0000000000000000000000000000001011001000000001001000000000011000000000001001000000000010000000000011
0010001000000011000010001000011001100000010100000000010100101010101000000000000000000000000100111000
1010000000000000100000100000001000001010001000100101100100010001000000100010001000110000000010000000
0000000000000101100111000010000000011000001000001000100010100001000000001001000001110010001110010100
0010000000011100000010110001000001000000000000000000010011010000100000010000000000000000000000000101
0000000110000101000001111000000011110000000010001000000010000001001100000010100000001100000010010110
0011010000000000100100000000100000010100000001001100000000000000000000000000000100000000000001100110
1011011101100000000001010000000000010000010000010010000110000010000110001100000010001000100110011000
0010000010000000110000000100000000010101000100000000000000000000000011000010000000001010001000000000
1000001101100000010100010000010000000000000000011000010010011000001100001010000000100001000100001100
0000100000000110000001010100001011001000000100000111010100101001000010000011010000101110000000000010
0000101110010000010000000100001000100000000100000010000000001000100000000100000001000000011000001000
0000010000001010000000000000000000110000000000010100000010000000000000001110000100100000000000000000
0000000100000101000100000000000000001001010100101010000100001001100010000000011000001000001100000011
0001000100000110100000001100010000010000000000110000000111010010000000000000000100101010000110000101
0100001000000001101000000010000100000000000010000000000000000010001000000001000000001010001001000000
0100010000010000100000000000100000000000001010010000010000001100000000001001000000000000001000000000
1110000000010100101000100010000100000000000110001101000010010000001010000000000000000001100000000000
1100100010000000100000010000010101000000000010010010000001010000000000000010000010000000001000011010
0011000000010000001101010001010100001000001010000000000000000000000000001001011000100000000000000000
0000001000011110000000000010000000000000001001010001000100000101000110000100000001000000000110100000
0000000010000000000000000100001000000001000100000001010100000000001000000001000000000001000100000000
0110000000100000000000000000000101100000110000000000011010010001001000100000000000100000010100011000
0000000000100000001010000010101000100000001000000000001000000000000000000000000000000000010000000111
1101001000000100000000010010000010000100000000001000000000000000000010011111000001000001001001000000
0000000000000000000000000011000000000000010001000010000000000000000000100000000010100000000000000000
0000110010011010010100000000000110001100010000100100010100100010010000100000100000000000110010000000
0001010001000100000001001000000000000000000001000000010001100000001000100010100000001000100000000100
0000001000100000001000100101101000000101010000001001001110100000100000100100010000111010000000100000
1010000100100000011010100010000010000000000100100100000010000110010100100000010000100000010101000000
0000000000000001010001001100001000000010000001000001000000000000000000001100000001000000000000000000
0100000000000001001000000010011100001000000000000000000010010000010000000011000100101011000100100000
0010001010101000000000100100010000000100001000001000000000010000010000000000000100101001110000001000
0000010000000000010000000100100000001001011100000000100000101000000000000000011010000000100100001001
0100000000100101000001000000000100000000101100000000010000000000100000010000000101101100000110000001
0011101000000000001000000000001001100001001100000100000001000000001000100000100010100010010010100000
0111001001000100001110000100100000001000000001001100000110101000010010010011011011000110000000000010
1000010000000000010000001000001000011011101000001100000000000000000000000010000000000000010001000011
0011000100000000000001000000000000110000110000000001011010011100000000000110011010000000000110000010
0001001000000000010000000000000100110001100000000001000010000000000000000000000010100000011100110010
0000100000110000000000010001000001000000000001100100001010001100000000000010010001100000000001010000
1100000000000010001110000110000100000000010000000000000100000001000100100000011000000000000001001000
1001010010000000000000010010001010000011000000000000010000000001000000001100001100000000001011010010
0011000000000010101100000000000000100000111000000000000001000000000011001001001001010100000000000001
0110000000000011000000001000000100000000110000000100001001010110100000100000000000000100100100000000
0000001000001100010100000110100101000000001101010100010100011000001110000001010110001100001010000000
1010000100000001011010000001000000000001000000001101010000001000001000001000000011001000100100000000
0110000100000000000000000100001110000000000001000000100000000100000000100001000000010011100000000000
0100000000000000000000000010000000000001010000010000100000000000001000000010010001000100000000000010
0000011000000100000100000000010000000000000001010101010000000000100010000000000000000110100000000000
0010010000000000100100001110000000100000000000010000010101000000100010000000001100000001000000000000
1000000010000000010100110000000000101100000000000111100100001000000001000100000000000000000000000000
0001010000100100010000010000101000001010000100100001100010010000100001000000000000111100100000100000
0000000010000000010000001000000000010000001000100010000000011000000001000000000110010000010000000000
