175
0100001010000000100001001000011001000110001000001000000000000110100001000110000000000100010000010101000100001100110111000100000100000000000000000010000101001000000001101101000
1001100100001100011000100000101000000000000101100010000100000000000001100000000000000000001110001110000001000000000010000001010010010000000010000110000000001000111010000000000
0001000000001111100000001000000000100010000100010000000000000100000001001000010000010101010000010000000000110010011001000010001000010001000000011000000000001000010000000000000
0110111100010101000010000101001100000001000000010000001001001000000000000001001000000000000010110100000000000001101000100010000010101000000000000000000000111010000010001001001
0101000010000000001001000000101011000000011100010010000110000000110100000100001100100000000010000100100100001000000000010110000000000110000000010000011000100000010000000000000
0001000001000000000010001001100000000100000000000010010001000001100010010001010100001110000010000000110000000010011010000000000000000110000000000000000000100000000101000010000
1001000010000011110100011000110000000111001000000000000100001001000000000001100000000000010100100010100000000100110010000001000100000000000100000100000000000000000010000000000
0101000001000000000001100110001000001000000000000100000000010000100001100000000000000000000000100000000000100100000000000000010100010000001000000000000010000110000011000100001
1000101001000000100000000000000001000010100000100010000100000000000100000000001000000100000101101001000000000000000000000010000010000000000000000010010100101100000010000010001
0000010110100100000000010001100000000000000000000000001100000000010001001100001000001011010000101000100000000001101000000010000000100100000010000000010000110100111000000100000
0000000001000000011010000000110000001000000000010000101000110000000001010000000001001000000100001000100100100001101000100010000000101000001000000000000000000000100010000000101
0001000000000010000000100101100000000001000000110000000111100000100100101000010000010100010001001000001000000010000100100010001000101001000001010000000000010111100001010100010
0110000000000000010100100100000001010000010000000000000100001000000000000001100000010001000010001100000000010010000100100100010100100010110101000000000000000010000100000100011
0111000001000010001000010011100110000110001100000010001000100001000101101000000000001111000101010000100110001000001101100000000100000000000010011010001001001000000010010000000
0010001000010100000000000000001000001101000100001000001001000001000000100100000100000000000100000000000010000000010001000100000001000001100000010010000001010000110000011000000
0011001000000000000001001010000101100000011000000000010000000000000000000000000000000010001110000100100000010000100000010010001000000010111000000100100000010100001000000111010
1010001010000000010110100001010100001001000010010101100010100000010100101000000000100000000000010000000000000100000101101000000000010001100001001000000010110000010001000000000
0100001000101000100100000100001000000100000010010101010010000000001001010110000000001010000001110001100100100001000001000000000010000000100001010000000000000100001000100000000
0100100000100100000000000000000010100000000000000000000010010100000000000010000001000000010010001010001001101000000001010010000011000010101010000011000000000000000000000000001
0000001000001000110000000000010000000000001110000000000000000000000000000010000010000000001000000000000110000000000100100000100100011000001000100000000000000000001000000101010
0001010000100000100000100010010101000000010010100001000100000100000010110000000010000000010011000000000001100000000000000101000000000000100000100000010000001101000100000000110
1000100100000001000000000000011100000001000000010000000010010000000001001111000000100010001000010001000001100101100000000000000001000110000000000000000001000000000000011000000
0100000100011000100010000000001000000000100001000000010101000000000000011010000010000001000010000000000000000110000000010000000000000001000110000010100000000000011000010000010
0000001001000100000000000010000000010000100000000001000010100001010001100100000000010010000001101100000100001000010000010000110101000001001000001010010110100001010100000000000
1010011000000001000000000000001000000000000000000001100000000000000000000001000110000000000000000100000000000000000000010010001001110001010001000000000000000100100000001000000
0001000100011000010000000010010001000100000100000100100000010000010000101000110100110000011000000000000010000000100010001001010000000011000101010000110000000100101100101000000
0000000100000101000010010100000000000101010101000000000000001001000100000000000000000000010000010000000000000100100000001000000000110000001001000001010000000000001101010001000
0001010001010100100000000000100000100000000001000000010010000010001000000101000000001010001000000000100100000010011110000010000100000000001000000000000000001000010000010001001
0100111001110100000000000001000010000000101101000010001000000000101000000000000000100001001000000100000100110000000000001000001000010010000000000010000010000100000101000000000
1000001000100000100111000100000000010000000100010001010010000000110000010000000000001000010000000010100000001000000010000000100000010100100101000010000000000000000001000100000
1101100100000010010001101000000100000000100110000000010100011000100000000001010000000100000000000000000001100100000010000000000010000000100100000000000000010000110101000100000
0001000000000101100011000000001000000110000001000000010000000100001000000000000000100000100010001000000010000100000000000000000101100000000000000110000100010010010010000001000
0000100000000100001000000000100000000101110001000101001100000010010100100001111000010000001000000010000010000000100000001001010001000001000000010000010100000000010000000010000
1000100010001001000010000100000000001000000001001010000000000001000111101100001001100000101010000000110001100001000010000001010010000000101100000100000001001000000001000000000
0010000000000001001000000001000000001000000001010011110100000000011000000100010000101001100000001100110000000001000100000000000100010000000011100100000100100011001100100001110
0000000000001000000000010000010000000000001000000000000010010001010000000000000100010101000001010000001000001000001100000011001100000001000010000000100001010000010000010000000
0000000100100010100000000000000001100000000100001010001001000000001000010001101000000000000000000000100010100000000000001000101000000000000010010000000000000000000100100010010
1000011000000110010000000110000110000000000001010001000000000000000000000001100000010010000000000011000010001110010001000001000001010010000000000011010000000010001010010100000
1010001010000100000000000000000100000000000000000000000000100100011010000001110001010000000100000100110110001000100101100001000001101101000100000011000010011100000000001000100
0001001000010010100001000010000010000000010010000000001000000000000000000000001000011000001001000000000000000000000010000010000101000000100100000011010000001000100100001101001
0000000010000000000000110000101010000000000000000010010000000000000000100100001000000000000001000000011010000101010001100000000000010100000010001000100011100000100100000001010
0000100000001001000010000010000010000001000000000100000011000000011000101000010100000000010100000000000000001001100000101010000000000010001000100000000000000000000110000000000
1000101000000101000100000000100000010000000000000001000000010010010000000100110000001000000000010100001100000000000000010000001010000000000010100000000000000001000100000000000
0110100000000110000100000110111000001000000000000000001000011000000100010100000000000000000110001000000010010000011100000001001000000000000000001100000100001000000100010000011
0000000000000000110110000000001000000001000001000000000001010101101000111000000000001100000000000100101100010000100000010110110000000000111001001100000001000000000001000000101
0100000000000000000000100011100111100100000010000000110111000000001000110000000010000100010000010000000000011000001000100000000001000000000100000000100100101000011100000000000
0100000010010000000010000000000000000000000000000010010000000010000000000000000011000000000000001000100100010000101100000010000100000000001011010010100001000110000111000100000
0011100000110000110001000000010000100100000000000000000000100100000000000001000010000000000000000010000000100001010000001000010010000110000010101000000000000010100000000001000
1000000000000010000000000000000001001000000000000110100100000000010001010010000000000000001000001000001000001101111000100011101000000001100000010001000010001000100001000000001
0000000100000000110000000100000010000000010000001000001000000000000101110000100000100001001101000010010000001000011000001000000000100010001000000010000000100000001000100000000
0100110010000100000000000000100001101000100000101001001000001001000001000100010000110001010000000000000100001000000100010000100000010000000000000000001010010000011010100000000
0000000000000000110010011000010010100100001000000010000010000000000000000010010000010010000100001100100000110000011000000000010001100100011000000010010000000001000000000000010
0000000000100000100000001100000000100000000001001000010100000011000011000100000000000001000000000000000000001000001000010000101000000000000000000101000000100000000000000001000
0000010000000001010000100001011100100000100001100000100100000000001101000000000000100000000010100000000000000000010000000101000100000000010101000001000011001000001100001000000
0001000001100110000000000000100010001001000100000110000000000000000000000000000011000000000000000100000000000001001100011001010100001000000000100110010000000000010000100000010
0100101011011000000010100000001010100000000001001000110000100000000010000010000010000001010000001100001000000010010010010001000000100000100000110000000001000100000111000000100
0000100000010000111001010001010000010000010001000001000001000011000000001100000000111000000001100010000000001000001001000100000000000001000001000011110000010001000100100000000
0001010000010010000000100000000000001000010011000000000010000110100000000000010000000001010000100010100000000001000000000000010100011010001000000000001110011100001010000000000
0000000000110100100000010000000000000010000000010000000100000000000000000111001010000000000100010010000000000000110000000000000110000011000001010110001001000000100000000001001
0000000100100000001001000100001000010000001110000000000000001000000000001101001000000001000000000000000100010001100000100010010001000000000101000000000000000100000001000010000
0001001000001000000000000010001000000000000100000010000000010000010100101000000000001000000000000100010000010000000001000000100000000100000010011000010001001000010001000000000
1010000000000000001010000000000100000010000010010000000001000000001000000000001000001000000000001001010000010001000010101000000000000000000100000100110010000000001001000000001
1000000000000000000000000001000010000000001000100000100011000000100000000000000100010100000001000010000000101110011000000001000011001010010001000110010001000000011000000101010
0000011000000110000000010010000001010000000010000010100010000000000010000001011000010100000000000100100000000011000000100001000010010001100000000001000110010000000101000011000
1000110100010000000000000000111000000000000010000000000001000010000000000001000000101000010010100001000000010111001000010000000101000010010000000101010001010010000000000000000
0000100001000000100000010100010010110010011000001000000000001000000000100010000101000100011010100000000101000000100000010000000000000000000000000000000000000000000001001000010
0000000000000000010000000001100100101010010011000000010000000100000000000000010001000000001100001001000000000000010000000000010000010011010000010100000001000001000100101000000
0000100010010100100000000010000011000000000100000100010000001000000000000100010000010000000010000010000000000100000000100000000000000010000000000000001100100000000000000000001
0000010000000000000010000000000001000010000000000000100100000001000000010010000110000000100000000000000000000000001011000100000010000011011101000001110000011000000110100000010
1110000101100100010001010000000001000000000000001110110000000000000000000001001000000001010000100100000001000100010001000001001001100000000000001000001000010100011000000000100
0100000100010110100010010100000011000000110011000100000000001000010000010000110000001000100000001100000000100000100100000001100000010100000000000001001000000100000001010000000
0000010000100000010010100000010000001000000111001100000000000000000010101000000001000001000000100011000001000000001010001000010001001000000000011110001101100000000001010110011
0010000001010100100001100100000001000000010010000000000010011000000000010001101010000000000000000000000000000000000000100001000000000010000110000011010010000010010100000000010
1000100001000010010001010001000001100000101100000010100010110000000100000000000000000000011000000011100001010000110010001000000000000101010010000000000000000100000000010000000
1000000000000000011101100000000000000000000000001001000100100000010010000000011000000010000000000100000001000000000000001000000001001101001000110000000000101000011000000000000
0001011000001000000001001001001010001110000000010000000000110001100001001000000000110101010100000000000000000001000100010000000100011011000000000000000000000000010010010000001
0000001000001000000000000100000010001110001000000100000000000000000000101000000011000110000000000000000000000000000100000001010100100110100010000001010101000000001100000000011
0010010000010000000000000100001010100010011000000011000001000001001100100010000001001100010010001000010001000000000001010100001001001010000101010000010000000110001000010001000
0001100011000000000000000000000011001001100000000000000000110101000001001010000000010000000010100100011010000000000001000000110110001010000101100000000000100000000010000001110
0000110000000010000000001100000000010000010000000000000000000010010010000000000000001100000000010000000010000000101100000100011000000000000010000000100100000000000001010000001
0000000000000000000110101000000000000000000001110000001100100000000010001000100000000000000100000000001000110000100000000000000000011000100001101001010000001000001000010000000
0000000000100000001000000000000001000010000000100000001000000000011000010000110000000000100000101000000100001101100000100001001000000110100001001010010010100010001000011100100
0000100000000000100001000100100101100000000000000110010010000000100000000001000000000000000000000000000000000000101000000100011010000100100010000001000000000010000000000111000
0010000000011000000000010100000010010111000000000011000010000011000100000001001000000000000000000000001000000000000110000000010000001100001110000010001000000011000000000101000
0000010001100100010000000001010000100001001010000000000010001100100000100000010100000010000000100100001000000000000000001000100010000110000000000000000011100100001000100000000
1010010010010100000000000000001000010000000011000000000000000011010000000001110100000010000110000010000100010010001001000000100011110000010001000000100010011000110001000010000
0000010001000101010001010001000000000100000000000001000000000000000000000010100000001100110000000011000010010100000000011000000001100000000000001000000100001000000010000011001
0010000001001100000000100000100000110000000000000110100101010000000001010001000000000000010011000000010000000000000011000000000111001010001000001011011100000001000000010000111
0000000000000000000000000000000101100000000000000000000000000000000010100000000001000010000000000011000000001000000000100011001000000000010000000011000001100001000000010000000
1010001001010000001010000110010000000000010001000010000101000000110001000101010000000011001010001000000010010010001000010000000100000000010000000100000000001010100001000110010
0100000000000001000101000101100011000001000000001100000000000000011000000100000000000000010000001010100000010000000000000000100000000010010000000010000000001100000000000000010
0100001010100111000000000000000000000010010100000101000000100000001000000001000010000100000010011000000001000000000100000000000100010001010000000010000100000100100000000010000
0101110000001001001010100000000101000000000100000000010000000000110100000000011000000101010100011000101000000000010100000110001000111010000000000000000111100001000110001000000
0000000010010100010010010000000000010001100000000100000010000010000000000000000000000001000000010100010000001010100100000000101000000100000000000001000100001000000000010000000
0001001111000000010000010000000000000000000000000000010011000000110001010000001001001000000000000000100001000110100000010000000000001000000100000000001000000000000000011000100
1011000000000100110001000010000000010000001001000000000000100000000000000000000100000000000111000000000011011000000000000000000001010000100000101010110110100010100001011101100
0100000011111000001000010000000100100000000100101001000100000100001000100000010001000000011110000100010010000011010000010100000001000000000010110000000100000000000000000110100
1101100000001001000000011000100000100010001010000001001100001001000001100010001000001000000001001000010010010010000000010000010100000001001001001001001010000000000000000010000
0100001000000000001000000000010010000100000000010100000011100010000100010100000000000110101000000001000000000000000000000000001100001000001100001001001010000010000100000000101
1000000010000000010001000000000000000100000000000000000000000100101000010100000000000010100000000010100011000100000000001110000010011100001000001010100000010110100000000010000
0000111001100101010000000001010001101010000010100001000001000001000000000100000000000000001010100001000000000100110001001101000001001000001010011111010010001110000000100000000
0000010000000000000000000000000001100010100000000100000000001100000000000000011000000001000001001100001100000000001001000000000001000000000000000000010001001000000000000110000
0000000000010000001000000000000000010000101010001000000100000000000000000000001010011000000010000000010010000001000010000110000000101000100100001000100000100000010100010000010
1000100000100100010100010001100000000010001010100010000000010000010000000000000001000100000000000000010000011001100100000000000001001000000011010110011001000010110000100000000
0000000000000110000100000100000110001110100100000000000000000000000000000000001100000010010000011101001000000001000000011000000000010000010000000001010100000101111110000000000
0100000000000000001011000000001001000000000000000000000000000000010001010110010000000000000100110001000000000000000001000100000101000111000000010001111000010000010000000101001
0010000100100000011011000000101001001000000000010001000000000010000000100000000010000000000000000000000000010000000000000101010010000000010000000001000000001110010010110100001
0010000000001001000000000000100000000000000111100001000000011100100000000100000010000110011000010100000100100010100000000000110010010001000100010000010100000100011110010010000
1000100000000100001000010000010000010110010001001110100010000010000000000000000001000000100001010000000100000000001010000000000110000000000000000000000000000000100100001000000
1000001100000000100001100010001100000100100000001000000000000010100101000000000001000010000000100001100000000010000001000000110101000100100000000001100010000000000110000000000
0010010000011000000000100001000000000100000000000000000100000011100000000000000000000100010001101100000000010100000010000000100001010000100100000001000010101100001100100000000
0001000001100000010001000000000001100000110000011000001001010101100000000001000001000000000000001000001110000000001010100000100000010010000110000001000000000000010110010010001
1001001001100001000001000110000010000010010010101000000000110000010000100100000111100000000001100000100100010000000000000100000000001110000110000001000000000000100000000100011
1010011000000010000000010001000000000100100100011101010100100010001001000100000000000000000010001000100000000000000000011000010100000000000110000000000000100000000101000000100
0011010001100100000000000001000000010000000101101101101010000010100010010000000100100100010000000000010000001001000110000101101001110000001000011000100000100000000011010000001
1000000000011100100100000001000000110010000100100010001000000000000000100001100100010000000111000000000100000000001000001000000000000000010000100001100000010001100100001000100
1100011000000000000000000101011001000001000000000000000100000100000010010100000000010001000000000000001000001011001000000101000000011000000100000000100100000000000101001010000
1010000000000110111000000000000000000110100000000000000010001000000011000000011000000101000000000000110001000100000000000010000001100000001000001100010011001000000010001000000
0001000000111100100100000000000000000010110001001000000000010101000100001000000001000000100000000000000000000001000000011000000000000011000101010000100100110010001000111000101
0000100000000001001000111000000000000000001010000010101100000000110000000001010000000010010000101100000010000000010000100000110010001000010000010000000000001000000101000011100
0000000000000000100000000110100010001000010000010100001000000100000000010110000000001010000000000001100010000000010100100000000000000000100000000010000000001011100001000000000
1000100000001010000010000000000000000000000010000000010010000000000010000000010100100000000010001001101001100000101010000000010010100001000000000110000100101000000000000010000
0011100011110001001000001001000000010001010010101000000000010000000000000000000000000000100010000001001000000000000001000000100001000000000010010000000011000000110000010000000
0100001000000000000010000100000011010110000100001000011100000011000001101000100001000000100000000000100000100000001010000000000000000000010100110000000010000000000001100000000
0000000000000000000100010000010000001000000010001010100000001000000000100000001000001100001001000000000000010111001000010010010010000000000011000100011000110001000101000110000
0100000100001000000000010100000011000000000010010001001001010000001000010000101100110000000000000100000000110100010000010100100000000000000100110000010000000100000000000000110
0010000000010001000000001000100000011000001100001000100000000000000001000000010101100000100011000010000000000000001000000000000011000100001000000011010100001001100010100000001
1000001100001100000100010001000100110001000000100000011001100000100000000001101000000001010100000110000001001100010000000000000010110100000000000010000000000000000001110000000
0101000010000000011000000000001001000000001000010000000000100011000010000000001000101101000000000001000000111000000000010100101100010100011111001000000001001000001001100101010
0000000000000010001001011000000110000111000001000001000000010010100001010010010000000111000000011000110101000110001001000010001000000010000000001010010101000000100010000000000
0001000001111000000000001010000100000010000000000101000100000000000001000000100000000110000010000000001000000000001001000100000100000000100100000101000100000000001000000000010
0110000100000000100100001010110000100100100000000010000001000001001000100001000010000100000110010001000010010011001010000000000110000000000100000000010000001100111001000000101
0001000000110000000100000000000000000010000000000000001001000010000000010011011010010001000010100011101100000000100010010000000000000000000001110000101000000000000100001000000
0000110001000000000001000000010000000010100000010001000000001000000000100110100001111000000001000001000001000100100000000000001110000010100000010010010000010000001000000000000
0000110000001001001001000100100000000100010000010100000001100010101110001001111001001001001010000000000001000001100000100000000001000101010101000000000100010000000011000000100
0010000000010010100000111100000010010010000000001000000010100001001010000111000000000000000100000100000001010000000000100100000000000010010010000101000000001100001000111000000
0000000000001011111010000000011001000001000010001000000100000001000000000000100011100000000000010000001000000110000000001000000000100100000001000001000000010101100000111001100
0000000000001001000000001000000000000000000010000001010000000010101010000100000000000100111100000000000010100000000100010001000010000011000010000000000010000011000000000000001
0000000100100001001100010011000001000000010010100101000001000000000010000010000000010001000000000111100000000000001001000000001010000000000000000000000001000000011001010100000
0000001000001000000000100100011001000011000001000000010000010100000010001000011000010000000000100010001000010011110010100001010010110010000000101000010101000001011001000000000
0100000001000100001000100000000000111000101000110000000000001000000000001100100100110000000000001000100100000001110000000010100010000001010000000000010101000100101001000001000
0000000000011000110000001110010000100000000010100000010010110010000010000000011011000100000000000100000100000000000000100000100010001010100000000000010011000000010000000000000
0000000000000000000110000000000000100000011000010000001100000000000000000010001010000000000000011000000000000000000100000001010000001000000100001000001100101000011000000000000
0010100000010110010000000100000010001000000000101000000100101000001000010010010000000000000000001000100101010000001000110011010000001100000000000100001010010000111010010010000
0010000000000100100000010000000000000000100110010000000000001000000001010000000011000011000000010111101000000000001001000000000011000000000100100101101000000010100100000111000
0100001000000001000000000000000101100000000110000000101000100110101000010000000000000000010000000000100100000000000001000100100000100001000000011001000000010100000011001010100
1100000010000110001000110000110100000111000000100101001010100010000000011000000001010001101100010001100100000000000000001100001101000100000000000001001000000100000001000001000
0000000000000000001000000010000000000111000000001000110010000001100010101000100010100001100001000110100011100111100100000000001000100001100000001110010000100001000001000011000
0000000000000001000000100100000000010000100001100000000010000100000010000000000100000100000000010001001001000100001110100000000000001000000000001000000001000100100000000000000
0000100011000000000010010110000010000101000000000001001010001110100010001000110011000001000000010000110111010000000001000000111001010100000111000001000000000100101001010011000
0000100000000100000000000000000000000000000000000010000001100000000101110000000000010001000000100110000101000000000000000000100000001000000000111010000000100001101000010000000
1000000010000000000000010000000110100000000101000000000001000001000100010000100100000011000111011000000010010000000010100100001001100010000110100000000010100000100000000010000
0000000100000000100000010000100000000010100000001010010001000101000000001000000001001100000010010110100000000110000001000011000000000000010001010000000100101000100000000100000
1000000000000110000001000000000001010000100010100000010100101010101000010000100000001000100010000000010100000000000001000010000011000000001111000000100000001000000000000100010
0001110011000000100000010000000000100000100001000100100000000000000100010010001001001000100010010000001000000010011000100100100000000000000000100001001110000000000000000100001
0001000001010011100000000000001100010010000000000010000011000001100011000000000000000100000000000001000001000000000100100000100000000110100000010100000000000000000100100010010
1111000010000100000010000001000001000011000101001000010001001000000010000010000010000110011001000000110000100010000001011100001010010001000000100000000011000010001000010010010
0000000111010001010010001100100000000010000000100000000101010000000001100100010000001000001100000001100010110010000000000000010000010001100010000110110000000000000000010010101
0001000100011000000000000000000100100100000000110000000000000000100000001000010001110000010000010011100100100000000000101000000000000000010000001000000000001000000010011001010
0000000000010000000010010000000000100000001000000001000010000000001000000000000000010001100010000000000010000000000100001000101000000000110100000001001000000000101100010010000
0100000001110010000000001100001000000001100000011000000000100000000000000000000000000100010100010001000110001000100100001010001001010000100010011000111110000001000001000100110
0110100001000010100000110001001110010000000001000010001000001010000001001011000000000100000000000000001111110001000000000010000000010000001101110000000000000000001010101100000
0100000001000001010100100110000000100100000001000110010001000110000001000010110011001000000000000000000010010010000000100000000010110101001110110000011000001001010010000000000
0000010000001000000010010110101000101001111101100000010110000001001010001000100000000000000010000010001010011111010110010000100000001000000000001000000000010001000010001000001
0101001110100100000000000000000100000100010000100010000101000000000010000001001000000010000010000000000010110101001001000000001001000010000000010100000000000010011101010000000
1000010100010000100000000010111001000000000010101000000100011101010000110000000100000100010000010000000000000000011010011001100110010010001110000111010000000000100010000000100
1000000000000000010000000100000000101000000000000110001010000000001010000000000000001000000000000000100100100010000000100001001110000001100000000000000000010000010000000000010
0000000000010110000001100011000000010100000100000000000000000000000000110101010111000001100001110000001000110001001000100010000100000001101000010000011000001111000010000100000
1001000000000010000001001100000000000011000000000000010000000000011000000000000001000000000010110000000000001000000111100000000000001001100000000100000000000010010100000000100
1000000101011001000100000000011000000101000000100000000000000010000000010000000001110000010000011000010001100000100000000000100010000000001000001000000011100000110000010001101
0000010010000001000000000000000010001000000000000000000000010001000000010000000000100110010100001101010000010001000010010100100000000000000000011101010100011101000000000000100
1001000000000001000100000011000100100001100000010000100000100011000000000000011000110010000000010000000001000000000000010000000010000000100010001011010000000010000000000100000
0000000000100000000010000000000000100010000010000000000100000000000001000000001001000001000000111010000000000000010100110000010000010010100000000100000000000100100001001110000
0000000000011001000110100000000000101000100100000001001000000010010010011000101000000001011000000000001000000000100000000000010010100000000000000000000001011010100000100000000
0001000110101000001000000001000000000001000110001000000000100100000100010001100100000011000000000010000001100001101000100000001000010000010000000000000000100100000100000100000
