23
00100110000010001100010
00000000000000000000100
10000000001001001000000
00000010000010000000000
00000000010000000000000
10000000100010100000000
10010000001000000001000
00000000000000000100000
00000100000000001000000
00001000000101001001000
00100010000001000100000
00000000010000101000000
10010100000001001000010
00100000011010100101000
00000100000101011000001
00000000000000101000000
10100000110110110100000
10000001001001001000010
00000000000000000000010
00000010010001000000000
01000000000000000000000
10000000000010000110000
00000000000000100000000
