27
000010001000000000000000110
000000000001010000101000010
000000101001000001000001001
000000010001000010100000010
100001000001000000010000001
000010000100001000010000000
001000000100000000000000001
000100000000000000000000100
101000000000001001000100001
000001100010101010000000000
000000000101000110000000000
011110000010001000000010000
000000000100000100001101001
010000000000000100001010001
000001001101000000000100010
000000000010110000100000011
000100000110000000000000010
001000001000000000010000000
010100000000000100000101001
000011000000000001000001000
010000000000110000000000001
000000001000101000100000000
000000000001010000000001100
001000000000100000110010001
100000010000000000000010000
110100000000001110000000001
001010101000110100101001010
