275
00000000101000001010010001001101100000000001101000100001000000000000001000000000000101100001000000000000001000000000100000000000000100000000100010101000000010000000100100001000100000001010000000000010000000001010110000000110100000001010000001000000010011000000000000101000000
00000000100000100000000000010011000000000010010000000000000000001100010000000000100000101001100010001000100010000001000010011100001000100000010110001000100101000000000000000000101001000010010000011000000001000100011001000000000000000000001001000101000000000100000000000100000
00000010000000000010000000000000000010100000000001001000100000000100000111000000100000010010000011000100001010100011000000000000000110010000000000100000000101001000001100000100000000000001000100000000100010000000000111000110100100100100000000000000000000000000000100000000000
00001000100010100010000110000101000010000000100010000010000110000011000000000000000000000000100001000100100001001001011000000010001000001100000000010001000000000000100001111001000010000010000000001000000000110000010000000001000000011110000000001100000001000000100100000000101
00010000100000000000000000000000001000010000100000100001000010100111000100100000000010000100000100001010000000000001000000011000101000100000011000000100000100000001011011000000010100101010010000000010101011101000000000001000000000000000001000000000111000000101000000001000000
00000001000000100000001000000001000010100000010010010000011000000000000010010000010100000111001001000000000001010001000000000000101100001000000000010010101110010000000000000001000000000001000000001100010010010010101000001010000100000000000000000000000010011010001010100110000
00100000000000001000101100000000100000000000000100000100000010000000001100000000000010100000000000000001100100101010000000110000000011011100010010000000000010010000101000001000001000110000000000000110000101010001100010010001110000000110000010011100001000000110000000000111000
00000100100010000000000000000100000001001001000000010000001000000000100001010000010010000000000000010000010000010000001010010000000010010010000100000100000010100010001111000100000000001010010110010100010000010000000000110000000001010011110000010001000000001010000000010000000
11011001000000000000000010111010001001000100000100000100001010001010010001000000010001100110100100000110101100100000000000010001001000000100100100000000000010011010001000000000000000100000000100101000000101000001000000000100010000010100000000010000000000000001000000000100000
00000000000000000000010101000010000000000000100000000000000100000000100100000100001010100011101000001000000000000010000000000000010001000000100001101010000000000000100000101011100000010111000001001110000000000000010001101000001001001000000100000000000000000100001000000001000
10000000000100000000000001000000011001100000101000000000000010000010101001000110000000010000100000000000100010000001000001000000000101101100000110010000000000000011000010000110000100000010001000100010100100001000000000001100010000000000110011001000001000011010000000000000000
00000000001001000100110001000000010000000000000000000000000101000011100010100000000000000010000000000010000000100000000000010101101001010100010110010010000000010100100000001011000000001110000111101000100010100000011100100000010000001000100011010000010000000000101000100000100
00010001000001010000100000010000000110000000100100000010001000100000000000000000001001100100010100101000000000000101100000001100010000000001100001100010000100000000010010000101000000000000001000100010000000000000010011000010000000101010000000110000000000000000010010000010100
00000000000110000100000100000100001000010001000010010000000100010000101001001001011010000001000010000001011011010001000010110000100000001000000010000100000000000000000010000000100001001101000100001000100101011000100000000001101100000000000010001000000000000100100001001111000
01010100000000001000000001100000010001000101000100000000100000000000000001010101000000000100010001101000000000000111000001100010000001000000000000000010000000001000000001000000000100000110001100000000000010000110000100000000000000010000000001001000100100000000000010000001000
00000000000010000110000111000100010000010010000011101100000000000100100001001100000001110110101100101000000000000100000010011001000100000010000000100000000000000000101000000000000010100011000000000001100100000000000001001000001001001000010101000010010000000100010111100010000
10000010000000100010010000000000000010000000000000000101001000001000001010000001000000001001100100001110000100010000000000000000000001000010000000001000000001001000110010100000010000000000000000110000000000100100000000000000000001000100011001000011100100000001010100100010000
00000000000101010000100000000001000100100100000000000010011000100001001000001000000010001000011000011001000000010001011000000000000000100101001100000000100000000010000000010100001000000000000000000000100000000001000010100000100001100010011010000000110000000000000000101110001
10110000000000011001001001000010000010001000000010001001100000000000001101100000100100000110000000010000111001000010001000000000010111100110000001000000110000000000100000000001000000000011000110000000000010000001000001000010000000000100000011001000001000100010100000100000000
00000000000000000010010100100001101001000011010000100000000000000000000010110110000000101101001000000000000111000000000100010100100000010000001001000001000001000100010000000001100000001000001001000000011000110010000000001000000000000000001000100100000111101011000010010000000
00000010000110000100000000100010000001010100000100001010011000000010100100000001000000001010000100100101000000100000011000000000000000011001000000010000000100001001000000000010000000100001001110000010000000000000001000000000100001000000000010101000100000000000001100000001011
10000000010100001001000000101100100000000000100001000000000100000000011000000011001000000101100000100000000110000000000010000000001000000000100100000010000000000000100010100000000001000000100001000000100100000000010000011001000001000000001010000000010001010000000010001001000
00000110000000000010000000010000010000000001100000000000010011000100000000101101000000000100000100001000110000000000010001011000101000000000110000000000001000000100000010000010100100110001100100000010011000101000000100000101000000000001001010001100000000000000100101100110000
00010010010001010001000001101101011000100000100000000000011000100000000001010000010000000000001000010001001010100000100100001010000000000000010000001000000000000100000010000000000010000000000000000010000000000000001001100000000100010100000010001100000000010101011000000000000
00010000100000010000000000001001000010110100001011001000000011010101000000011010000010001100010000000000000000100111000010000010000000001000000000000000001100010000001011000001000001000100000010100000011100000000110000000000010000100000100000000100010010000000000100001010000
10000000011100110010000100111000010001000000000001000010010011000100000000010000100000000010000000100110000010001000000010000000100010001000110000100000000001001001000001100000000000000100010000011100100100000000100000001000000000000100000010000100010000000010100000000100000
00000000100000100001110101000001010010000000001000000011000100100010011000000000000010000100011000000000100100100010000000010110001100000000000010100000001001000010000000111001010010010000000010000000000000000000000101010010010011000000000100001000000001000001101001010000001
01000000100010000000001001001000010000000000000010001100101000010000100000000011000000100011000010001101011000000001010000011001000000010000001000100000000100110100000000000001000000000000100100000111000010001000100111010100000100010000101001000100111000100000000000010010110
10000000100000000000010111010000000011010000000000000000100000010110000000001001000011110000000011100000100001000011000000000100000100000100011000000001010000001000010001000010000000001000000000101000101000000010001000000011001000011000000000100010011100000000000000010000001
10010001000001010000010100000000000100100100011000000000000001000100000010000000000000000000010000001010100000100010000101100100000000011010000100000010001000000011101100001000001000010100000100010000011010101001000000010000100010000100000000000000110100001001100000001010010
01000000110000000010100000000001000100000000000010000100000010110000000001000001100100110010000000011100000000000011000100000000000001000000010100000000000101000100100010000000000000100100000000000010011000000000000101001100000000000000100000000000001000000110010000000000011
11010100000000000101000110100010010000100000000000010000100100000000000001000010000000000100000001110000100101001100000100010000010000001010000001010000001010010000010111100101001000101000001000000000101000000011000000000000000000011000100000000000000011000010000000100000000
10000010000000000001010000000000000000010000000001100100100000010001000000101000000000000000100000000011001001000000010011110100000110101000000000000001000000000000000000000000000000010110010000000001000010000010100000110100000000000000000000000000000001000001000010000001101
00000000001100110000001101110001000000000100000100010000000101000001000000000010010000000000010100100000001100101100010000010010000001001000000000000010001100000000100001001011000000010010001001000100000000111100110101101000000000001000000001100000000000000000010000001100001
00001000101001000001000100000000000001000000000001000000000000001001101000011100010000010001010000000000000010000001010001010010000001000001100011000001000000010010000011000100010000010001001000000000001000100000110011101000001000010100000000010001000000011000000000010101000
00000000000010000100000000000110000000001000000000101000000000000010000000000101010000000010000001101000001010001100000010000000000000000000100110000100001001111010000000000000000000010100000000100100010001000000010100000000000000000000100000001000000000100000010001010000011
00110100000010001010000010101000000001000110100000001000000010000000011100000000010100000100111001000010000001110000010000000000101011000000000000011000100010001000000100000100001000010101010000100000110110000000111010000010001001001000000100100000000000000000000010001010000
00000001101000100001100001001000001010100010000000011000000000001000000000000001011101010000000000100000000000000000000000000100000000000101010100011000000000001100000100001001000010000011000010000000101000000000010000000001001001100000001010010000010100000001000000000000000
00100100001000000100000110000101000001010000000010100000000010001000001010010000010000000010000000010000000000000001010001000010000000000000000100000000001000010000001000111000100000101000001000110000011000000000001100000001000000100000001001100000100100001000000100000011000
00001000000001010000100010001000100000100000000000100000000010110001001000000000001000001000000000000000001000001000000101000110000000101000000010000000100000000010010100000111001000011010100100000000000100000000001001011000011010000011000000111000000000000011001001000100000
00000001000000000010000000000000000100000010000101000000010100000000000000100001010000000100000000000000000011010000000000001100000000000000010100100001000110000010000000000011000000000000000000010100100101001001010001100000000100000100101100100000000000000010011001010000000
00000000100000100100100010000100010010000000000100001000010000010000010001101000010000000000000000000010000000000000000000000000001111000001001010010110101000000100000100010000000000100000010000000000000000010000000100000111000000000100000111000100100010010001000110000111000
01000000000000010001000000000000000011001000000100000000010100010001011001111000000100000000000100000110000000000001000001000100000010000010000000000100100000010000000011000001000101110110000010000000010010101000000111010001100000000000000000000000100000000000000000101100000
10000001000001100001001000000000000000000000000000000000000001000100000000011000000100000000010001100000000000001100110111000000001001011001001000000001000000010001000100000000010000011110001010000010000000000000100000000001000011000011011000101000100010010010000000110101001
10011000011010000000011100000000000010000000001100000001011000000100010000010000001010010110010000100001100000000000000000000000000000001000000110000000010000000000000000001000100100110000000000010010100011100000100001001000000010101100100000100100110100000010101010000000000
01000100000000000001000000000100000000000000000100110100010010000000001000010000000001000000001101000000010000010000000100001100000000000000000000000010100001000010100100001101010000100100001110000000000100000000110100000001001100100100000100000010100001000010000001000100100
10000000001000000000000010100100000000000000100000001000010100000000000000000001000000011001001110100000000100010100000010010000000011000100101001100001100010010010000000000000101000000000000000001100001011001000000000000000100001100010100010000000000001000000000010000000000
00000010100010100000100000000000010000001110110001011000000010010010010011000001000010000000000100000001000001000100000110000000010100000000000010010001100000001010101000100000111000001101100011000000010010000100000100100010000000110001110001000000001000000000100000001001000
00010100000001010010000010010010000000100000000000100000001000000001101000000001101100000000000010110111000100011000000000010000000000010010000000000000010001000000000110001000000100000001000000011001011000101001100100110001001000011001001010011000110100000000001000100001000
00100000000000010000010011000000101000001000000100100000000000010000001000001000001000000000010000001110000100001000010001010000010000100001000000001000011001100000010001001011000001001010000010010000001010101010000000011000000000100000000000000000000000000100101001000000100
10001000000000010001000000000000100100110000010011000001000000001011001010000000010100011001000001100101001000000010100000000010011001100000000000000000111100100000000001100000110001100000000010000010001011000110000110000110000000111011000000000001100000000100000000000000000
00000101000001000000000000000001010001000000010100000010000001010010010010101000000000100001000101000000000000100000000001010100000000000000000001100000001000000000000000100000010000000000000110011000000000000010000100100000001110001000000001100000110110001000000000000000000
00100000000000010010100010010000000111000100001100000001010000000000000000011101000100000010000011000000100010001000010000101010000000100000000000000100100001001000000110101001100001001001000101100000011000010011100100000010000101000100000010011100100011110010100110000110001
00000010100000011000000000010010100000000000010000000000000100000010000000001000010000010010000001001000100000001000000001100000000001001000001100000000000000100100000000100000101000000110010000011000000000000001000001000000010001000000001000000000000000100000000001000110000
00010000000010000100100001100000000000000000000000010000000100100100000101110101000100000000000001000010000101010000000001100001000000110000000001000100000010000000010000000010000001001100101100000100001000110100000000001000000000000000000000001000010100000000000000000000000
10001000000000001010000000100000000000000000100000101000100100000000010000000001000011000100100000001010000000100001100000000000010000100000000000011000000000000101101000000001000000000001010000100000000000000110000010000100000000000001000100000000000001000000100010000000000
00100000000000100010000000011001100000000000000000000001010010000100101000001110000001000010001101000010000110100001010100000101111000100010000000101010010000000000011010000010100100000000000000100010000011000000100000001010000000100000000001000000000000010000101000000000010
00000100000000000100101101000000000000001110111000001000101000000000001000010001001110000000001100000001100100000100000000000000001010100100010000001000111000000000001000010010000100000100000000001000000110101001000000100011000000001000000001000000001000101000100000000000000
00000101100010001100100100010000000000000000100010000000010100000000001011010100000001001010010100010000001000000000000001000000010001001000010010010010000001100000000001100100010000001000010100100000000000000000000010000001100001000001000010000000010000001010000000100110000
00010000010101000000010000100001010000001010001000000111001000011000000010000110100001100100000001000000000000000010000000000000010001000011010001001010000001000000000010000001000000100010011000101100001000000100000000000000001000000001001010000111010000000100001000011000001
00011010101000000000001011000010000010110000010100000000100001000100010101010010000100000000100101100010010000100000000000001100011000000000010000010000000001000010100110000000010001001000000010000001010000110110000000001000000000011010010000000000000000011000111001000000010
00000000000100000000001011000100010000000001000000010000000010000110100000000001000110010000001001000000000100011100111110000010010000001001010100001000000110100011000000010000010000000000000010000000010101010000001101000001000100010100100010000000001100101000101000001101101
00001000000010000100000100100010000000010000000000000010000000000010000100001011000100101101000100010011000000000000100000000110100010000000000000000000001011000001001010000011000000000010100000001010000000000000000000110000010001100001010000000000001100000000000000101000100
00000000000001000000000010011010100000010110000101010000000100000100000110000000000000000010000110001101000000100100010000000001010010000000000000000000000000000000000011000000001000101110010100010010100010010010010000001010100000010010000000100000011000000010001000000000010
01000000100000001000000000000000001001100000000000100000000100000000010000001000010000000000100101001011000010011010110000010000110100000110000100000010000000000101110000000111001000010100101000000100000001000000000010100000100000000110000000000000000000000010001000001001011
01101000000000010000001011001100000000000001100000000010100011010000000100000001110001001100010000010000000000010000001100000100001001010001100000000100000001000100101000000110010000101000000000010000000110000001000010001010000010010010001001110000011000000000000000011000100
00011000101100000000100000101000000100000000000100110100000001100000000100000100000010100001000000001010100011000000010001001100001010000001001010001100000000100000001001010100100100100000010000000010000001000001000000000100001000000000010010000001000001000010000000010010101
00011000000100000100000010000000111000010010000010100000000000000000000000000001000111001000000000000000000000000000000000001100010000010011010010011001010000000000000001000000010010010000000000001001001100001000100101101000011001000101000000000000011000000010000010000110010
00000001011101010000100000010000001000000000000010000000100001000000000100000000000000000100010000000100000010110011000010001000010011000000100000000010000000001010100001000000001000000000000101010100000000010000010000000000000000010000000110001100001011010000000001100110001
01000000100000000000010000100000000010000110100100010001000010001000000010001000010100000000100000001001000100000001000000010100001000011000000000000000010000001010100000000001000000000000000011110000000100010100000000010001001000000100000000000000000001001100001001000000000
10000010001001001110010000100000001010110010010011100000111000000000000000000100000000000010000000000000010101000000000000011001011100000001000001000101010100100010000000100100001000000100000010000010110001010000000110010000101010000100010000010011000000000010000000001100111
00101010010000000010100000000000000010000000000000000010000010110110100000100000101000001000000000000000000000001000001010000001010000000101001000000010000000011000101000001000100100000000000000000000010101010000000000001000000000000001010010000001010000001100100001000000010
00100100000100001001000000000100000000100000000100110000001100010000010000000100001001000001000000000001010001000001000110000010000000010000000000000001100100000010100001000100101011000100000000010100000010011000001011010000010100000000001000001001000000001001101000001010011
00100001101001110010000100000011000000000110000100000010001010000000000000000000000000010010100000000000000001100000001001001000100000100000000001100000000001000101101101000000011000000000000000000001010100001110000000001000000000100100100101000100000000000001000101001101000
00001000000100000011001000000000100000001110000000010010000000000000000100000000011010100011000000101100000000000001000000000000000001000001000110000000101101110000000000000000001000010000000000000001000000000000000000000100010000101000100000001000001011000001001000010000000
00000101000000100001000111000000001000100011110000001010011010000000000000000000000000100000000000100010000000001001010100000001000001001000100001001001000100000100000110000000000000000100000000000000000000010011100001011000101000000000000000000000101001100000100000010000000
00000000000001010100001010001000101000000111000001011100100000101000010000000110000000000001000000000001011000000001100000000000000000001001000010010000010001100010011000000100000000000000000000000100010100010000100000000000000000010001000111100101100010100000000000000010000
00000000011000110001001000000000001100000000000000001010101100000010001010001000000010100000100000000000000000010000100000000000000000000001000000100000001000001000100000000000001001000010000000001101000010001100000000000000000000100000000000010000000001000100000000010110010
00000000001000000001010010010001010000000000000000000000100110100000000000001001000101000001010010000000000000001000000000000000000101000001000010001000011000001100000000000001001000000000000010000100000000010000000010000001001011000000000000000000000000100111000000010000001
00000000000001101000111000011010000101001000001110001011010001100101000000000010010100000000000000100000001011000001001000100100110001000000000000001000000000011000000001010001000000000000000000000000001000010000001000000000001010001001000101000000111100010001010000100000001
01100000000000000010000001000010000000000000000010000000000100000100000100000000000000001000000100000000000001000000010000000100101001000000010100001100000111000000100000000000000000100000001000000001000011011100110001011000000000001000111010000100100010000000100001000100000
00000101100001000000000100000000011111101100000000100100000000001100010000100001000000100001010000000000000001001000001001000100000000000100100100100010001010001000010001010100100010011000000110000001011000010100000000010100000110001000001000000000010101000100000000000000000
00000000010011000000010000000000000001010000100011000000010000000000000110100000000000011000001000100000001101000000000000011000001000010000100101000010001000000000000000000000011000000000100000000100001001000000010000000000000001000010010010101000000010010001000000000001000
10000100000000000010000000000010000011000011000010101010010011100001010000000011000010000000010000000100000000001100001000010001100010100000101011010000010000000000100100000010010010000000001100000000110001010100000000000011010000111000101000000100100110001110000000100000001
00001011010001000100000010101000000000000000100100000001010001000011000000100100000100010010000001000001000000100000000000010000010000010000000000000010000000110010000100100001101001101101010000001010001000100010000000011000000010100000000000000001000000000001100001111000000
10000000100010010000000000001000000001000000010000000001101100000101000010000010000000001000001001100010001010000100111000100011000000010000000010000000000010010001010100100000111100000000100001010000000011000000000000001000000100000000000000000110100000100001100000001001001
11000010110010010001000000011010000000000000000000010000000100100010000000110100010000000000000000000000000000001001100011001000010000100000000001000011000001010001010000000100100001011000010000110110001000010101000000000000110000000000000100000000010010010000001100000010000
00100000001000010000000000001010001001000000101000100100000001000000000001000000001010000000000010000010001100110000100010001010010000000000100010100000000000001001100001000100000100101001000000000100100000000000011111000000000100000110000000000000000000001000000000100001001
01000000000000001101100010000000000000010000001000100000001000100101000100000000101001000010000000011000001001000011000000110001001000001100110000100010000000000000000000000000010000000100000000001000000000000000100000001001000000000000000100000010111010100001000010000011010
00001100100010110011011010100001000010001000100000000001000100100100100000000000000000000000100000000000011001100000101001100000110000001110000010100000000000010000000000010000000001100000111001000000100000000100000001100000100010110100000100011000000010000010000110000100000
00100100110100010010100001010010000100100000100000001100101000010000001001100000000010001000101000000000100000100011000001001000000111010001010000000000000000000101000000001010100000000100000000000000000100110000010000101100000100000000100100000000100000000000100100110000010
11000100010001001001010000010000001000000000001000110000000000100010000010101010010000000000000110111000100000010000000110000000000101010100000000010000111100000000000010010010000110001100100001010000100000001000000110010011000000010001000010000000000000000001100101000100000
01010000111000011000010000000000100010000000000000000001000010001000010001000100000000000110010000000111000000000100000000000001000100100001010010110000011110010000000000100000100000000001001101000001000101010101100000100000000000010001101000010100001000000000000001000000100
00000000000010100100000010100100011010000001100001000000001000000100100000000010010100000000101000000001000001010000010000000000000001011001000000000000000100000000000000000000110010000011010000100010010111001110000000000000000001000000000100001010110001110000100001001000000
00000100010000010101000100100000000010000000011000000000110001000000000000000000001001000010010010000000100000110010001000000000010100000000000110100100010000001100000010010110000101000010000000000101110010000001000000000100000101011000101111100000000000000000000100000100010
00001000100010011000101000000000010000000010011100010000111010111000000000000000100000000001000000000011000000100000010010010010010000000001010000101100101000100010100001000000000000100010010000000000000101000000000000000000001010000010000000100000000010000010011000000000001
01100000000001000000000000011000000000000000001010001000000000010000000000000010000000010001001000000011101000000000000000100000100000000010010000000000010000000100010000000010100100000000100100000000000000010001010000000000100100000000000001000000100010010010000100001000010
00110100000000100000000000001001000110000001010000111110100111001000000000000000000011000000000000001000000000010100000100010000001100000000000000000000100000100000010100011001010001001000000101000000000100000010100000111000000000000000000001001000010000010001001000000001000
00000000000010110000110001001001010101000001101010100000000010000000000000110001001001000001000000010001000000100010000001001100001000000001000001000110010100011000000000000100010000000000001100000000111000000011001100001000100000100010000000000100001100000000000000010110000
00000001000000000110000100000011000000100000000010000000001000100100000000000000000000001001000000100000000000010000000000000000001000000010100000000001000001001001100000000000000000010001000000000000001101101000000000010000000010000001000000010000000101000000011000000000010
01001000010010111100001000010110000100000000000001000101000000011010010000100000000000001001000001000000100101000000100011000000000010000000000001000000010000000101100101000000001100011010010000010000000101000000000000010000010010000000000000010000000000111001000000100000000
00110000100000001000100001010010000000000010000011100000000000010000100000100000000100000000100000000000000000000010100001010000000010100101000000010000001100010100000000000000000000000010000010000010000000001100010100000001000010100000000010100000000001000100100011000011000
00001000100100001000000001000100100010000110000011000011100010101010000000010000000001010000100110000000100101000000100001001000000000010000000000000000000000000100001000000010000000100000100000000100000010000000000000010000001100000000110000000000001000000000000011001001000
00000010000001000100100100010000100000000000100110100000010000111000010010001000000010000000110110100000001000001000110000000000001000011000000000000001001000100000000000000010111000000100000001100101010101100000100000110100000000110001001000010000000000010001000000001000001
01010010101000000010001000101101000000000000100000001100010000000010000000000000000000000011001010001010000010000000010000100010000000000100000001100010000000010100110000000010111000101100000010000000000000010001100010010111000000110010000000000110000100000100000010000000010
00000001000001000010001000010000000000000000010000000000000010000000001010001000000000000100000000000000000000000000100000000000000001000011000001000000000000000000000000000000000010010000000000000000000011000100010000011000011001000011000000000010010001001001001110000011000
10100000100001000010000100010000110100010000000000100000001000000000000000001001001001011100000010000001000001010000010001001010001000010000000100001010000110010100000001000000100000010011010110000000000001010001011000001001000000000000011000110001100000100000001000010000000
00000010100000001001010000100001010000000000001011000010110001000000011000000000001000010000000000001010000000000000001000001001011101000000000000000000010000000000100010000000000100010000000100111110100100100010000001000000000000010010010001000100010000101000000000010000000
01100000001001000001010101000000001100001000000000001000100000001010100000000001000001000000000000000000100000011100011100101001011000100001000000000000010100011100000000000001011001001000101000000010100000000010000000100001000000100010000100001000000010100000100010000001100
00010100000001000011000000001001100010001000000100000010000000000010001011000001111000001100010000001010001000110010100000100001000000010000000100000000010001100000010010001000000000000101000000001000010000000001010001000100101000000000000000100000001011010000010000000010001
00100010100100000000100110100100010010000000000000010001100010010000100001000000000010010110001100100000000001000000000100001000010000000100010100011000000000000000000010001000100000000000001100100000000000101011000010000101000000010001101000000000010000001000000000001001100
00000101000001001100000000000000000010001000011010000010000001001100100000000100000000010001011001010000001011000000010000000010010001000110010010010001000010000000100000100010001000000000000000101000000110001001010010000100001010000000011011010000000000010000000000000001000
00010010000000000000000001000001010100010001000011001100000001001000000100010010010100100000000000000001000010000001010000010000000011000000001100100000111011000100100000000000000000000010000000000100000000001000000000010010101000101010011010010000101000100001000000010001001
00000000000010110000000010000001010100000001001100000000010001010000000000000000000101000000100001000000000010000001100100000000000000000001000000010010000000000100000010000001000000000100101001000000000010001001000011000100101100000010010000011100010001010100000000111100001
00100010010000100010000010101110000000000000000000100000000100001000100000000000000000001010001000100100000001000000010000001110000000000001000000001010000000001000101010001000000101001001001100000000000000000010010100100010100100110000011000000010100001000010110000001001011
01111100001011100100000010011010001000100010000000000001100000000000110010111001000000101010000000000000000000001100010001000101000000000100000000000100001011000010000010000001010000000000000001000001011110000100010000000000000001000000000000000011000000000010010010000000000
10000000000010000000000100000000000000000001000000100001000001101000000000001100000001110100000000001111010001000100000100000000000010000010001001000000001010101010000101100000010100000011001010000000000011000101101000011110001000000011000010000100100010110001010001010000000
00010000000000000100101000010000111010100001000001001000100001011010000000010000100001000000010100000001101010011011000000000100000010000000100011000000000000100000000000100001001000000100000000101100110000111111000010000011110010011010000000000011000001001000000101010000000
00010001000000000110100000000000000000000000000000000000000001000100000101000001010101000100001000000000000110000000000000100001000110000000000001010000000101100000000000000000010000000001000101000000000000000110000000010000001000011100001000110100001000000000000110000000000
00000000000000000001000100000111000000010001010100000000100001000100000010010000000000000001000001000000000010100100100000101000100010100001010010110000011000000001000001000110000010000100000000000100101010000000001000000100000000000001010001110000010001011000110011100000000
01000001000001010000010011000000100100000001001100000000000001000000100110000000000000110001000100001000000000000000000000110000100011000000100000000000000010000000000000100000000000000010110000000000001000011000010000000001000000000000011000000001101000000011010010000011000
00000000001000100000001000000100101000110011000001010110001000000010000001000000010000100110000000101110001000000001000000000000000010010101000001010000001011000000001000000101000001001100000101110000110101000000011100000000100100010000101000000011000000000000000000000000010
00000010000001100000000000000100100000000000000000001110000000000000000000000001000001001100000010000000100011000000001110000001000001001000000000100100100011001100010000001001000000000001001010000000100000001100000101010000010110000000000001010000001101000000110000000001000
01001011100101010001001000110001111000000000001011010000000000001000011000000000001110001000000101000100000000001000000010000001001000101000000000100000110001000000000010000000010100000001000010000000000001010100000001000000110000100000110010100100011001000000000000010000001
01001000000010010000001100010000000000001000010000001000000010000011101001000000001000110010000000100010001110100010000100000000000010011000000000000100000011001000000000100001000000000000100000000000110000010100000100000000011000001010000100000000000000001000000000000000001
01000000000110000001000000101100100001011010010000010000100010100111010000000001110000000000000000100000000000000011010000000000000000000000010101000000000001110000000000100000001010000101001111100111000010000001000110000000000110000000001010001100000000001000000000000000101
00010000000000100000000110100000011000110000000000101000000001100000000010000000000001010000000100000000101000010010000000000000010100001010001000001000000000000100110000000000000100011110000001000101000001000101000001000100100010001000110000000010010010100011000100100000000
00000000100100010000000000010000000000000000000000000010100000010000001100010000000101001000100000000000000111000001001000110000000000000100100000100000000010000001000000000000000110000000001110000100110000010000000111011010000000000010110011000000100110000100000000000000101
00001100000101000001001001000000000010000000000000000000100000101000000001000001100100000100000010000000000000000000000110000000000000010000000000101000000010000000011000001010001000000001100000100010000000110000010000010000100110000001000000001000000010000110100001001100000
00000000010010000010000000000001000000000000000101100001101111011001101100000001000010110100001100000000000110110000000000000010000000000001010100000000000000000000000000100010100000001011001100000101010000001000000100000010010000000010000001010000000000000010000000000001000
01011100100100000000011000100000000010000101000000100000110010000110011000000000101000001000000001110001001110000000000000010000000010001010000010000000000010000100001001000010010000100010000000100100111000000000100000000000000000000000100100101100000000001110000000001101010
10100100001000010010000000101000100000000100000100000000000000001000001000000010000000000011101001000000000100000000001000000010000000000010100101101000001001000000100000000000001000000100000010001101010000000000000100000000010000100100101000000000100100010001000000000001001
00100011000000000010000001000000100010000110001000000000010000110010100000000000000100000010000000001100000000001000111111001000001000100000000110000100000001000001000000100000001000000100000000000000000110100000010001100100000010100010100000100010010000010101101000110000010
00000010011100101010000000000010011010000101001000100100001100000100100000110011100000000011010000000000010100011000000010100000000000000000000000100010100000000000000000000000110100001000000000111000010011000000000000000000000000100010000100000000000010000010000000000000000
01001000001000000110000000000000100000010000000001101011110000000000000001000000000100100000100000000100000010000000000100010000000010000000001000000000111100000000000000111000100001110010011011001000100000001000101010000111100011101000000000010100100001110100100000000000000
00100011000100000001100000010100000000000001000010000010000000000101010010000000001011000011010000000011001001000000000001001000100000000000110010000001000100101000000100010000100000100010000000000100100000000001100001000011000100000010010010001001001000000000000000001000000
00010110001001000000100011000101110000010001100000000100001001000000010000011000000000001100010000000001000000000000000000111010001000000010110010000010100110010000000000010010000000010010000001101100000000010000000000000000010000001000100000010001100000110000000000011000000
00010010101100000110000000001000000001000000001000000000010000001000000100000000010000001101000000000100100000110001000001000001000000000010000000000000011010001100011010110000010000001010000000000011110100001000110000000000000010000000010000001011010100001100010000000000000
00000001000000011010000000000101000000000010000010000000100100001001000000000000000000000100000010010000010000010000100000000010001100001100000000000000001001100000000000110000110000110010000010000010000100100001001000000000000010010001000000101001001000001100001000000100100
00000000000010000100100000000000001001000101000001000000000101000111001100101110000000000010110100100100010010000110000101000000010000000000001100100101000000000000000000011000000000011000101010000000000000000000000101001001100001101001000000100000100000100001000100000000000
10000000110010000000011001000000001100000000001000000000000000000100100000010000011100011000000000010000000000000000010010000001000100011000010001100000010001100000000000001000000001010001000000000000000000111010101010000000000000001000010100000100010100000000010001000110010
01001010000100000000001101001010000001001000000000000000011111000001000000000000100000001010100110000000000000110000000100000100010000011000100010001000001000010001110100000100110000000000010000001000011000000010000100000010001010000000000000100000010001000000010010000110000
00001000000000000101000000011000000000000101001000000100000000000010000100000000000100000000000000000000000000001000100000000010000000100001000000010010001100010100011100000000000010000000000010100011101000000001000101001010100000001100000100000010010000000000000001010000110
01000001101100000100010000000110000101101000100000000100000001001000000000100000111000000000001000000000001001101000000000000100010110000001000000100000000000000100000000000000000000000000101010000101000000001000000000100010001000001000000100000000000000000001000000000000000
11000010001101000000000000100000001100010100100100000000001000000011000000101010000101010100101000000000000000010000010100000000001010011000010000010000010001000000000101101000100000100010100000001000000000011010001000000100010000100000001000001110010000000001010101100111000
00000000010010000011000000000001001000000000001000010010000100000000001001010000001100100000000000101000110000000000111001000100000100000000100000001001010000001000000001001100000000100100000010000000010101000000001000010000001000000100000000000010100000101010111000000100000
10100000010010010000000001110000000000001000001000010000100000000000000001000100010000011100101100000000100000001000000100110001100101000001100100001110001000000000010000001000100000011000000000001000000000001000100000100010100110010000000000000000001000000000100000000001000
00010100001100000000100000000001000011000100000100000001001010000001000000001000000100000001100000000100000000110100001101000000000000000000001010000010010010000000001000001010001010000100001011110000001000011010001000010000000100000000010000000000001000101000000001100000100
11000000010000001000000100000000000011000000000001000001110101000011000000010011100000000000000100000000001000100010000000000010100100000000010001100000100011000101001110010010010000001000001000000100000000000010000100010010000001000100000000100010000000010000001101100100100
00001001000001000000000000000000000100000110000000001010000000000110001000000000100000000000001100100000000000000001000000101000000010000001000000100000011000000000000000000000001010000010000010000100100000111001010010000000000000010010011000010000010000000000000000000110000
00000100010110100000010000000100010000000100010000000000101100001000100100000000011010101000000000100000101000000110000000000000000001001000001000110000000100000011010110000000000010000000010000000010100000100000001010011011100010000001000000000010100000010100000000100000001
00010000000000000001000000001000101000001001001100000000000000000001001010010000000000100000000000010001000000010000000000000000000000010001000001000000000000100110000000101000000100000100000000000100000001000010100011111111000000001000100011000000000100000000000001000000000
01000100000000000110000000000000000010010110011100101000010000000000000010100000000000000001000101000000000000001000000000110000000001101000000000001000000100000100010001000000000000000000000000000110001001000000000000100010001001000000000011010100000001100000000000000000000
00000000000000000010000000001000000000000000100011100000110000000001011000001010000100000001101010101000000111001000000100010000000000100100100011010100000000100000001001000000001110000001000000001000000011001010000000100100010000100000110010001000100000000101000000000010000
00000100000000000000001010100101010100100100000001110000010000100000000000100110011000000001100100000101000000001001100101000000000100100110011000100100000000100000100001000100001000000000000010000000100100000100010000000100101000010000100000110100001000000000000011100000000
01101100000010000000100010010010010000001000000000100000000001000000001010110000100000000001110000100100001010000000001000000000000000111000001000000010100010001110001100100011001000010000100100000001100000001010001011000011100000000100011001000000001011000000000001000000000
10000111100000000000000000000001000010001000001000000010000001100000000000000000110001000000100000000000001000011001100011101001101000001100000000011000000100100000110100001000001000000001010100011000001101010001000000001001010000100100001000000011000000000100100000000010010
01100000000000001001000001100010000100000000010011001000001110100100000001101000100000100000000000010000000001001001001001111100000110000010100010001000000000000000000000000000000010000000000110000100000000000000100000100000001001111000000000010000101001100000100001000000010
00000001000000000000000000010000000100000000000001100100001001000010001000101000000010000000000101000001000001000000111000000100000000010010100000000001011010000000010011010000000010010000100000101000000000000001000110010000100000001000010010000011000010000000000111000000000
00000110100100000000000010010001001100100011001000000000000000000000000100100001000011100100100000100100101010000000000000000100000000001000011000000000000000000000000010000100000000000000001011001000000100010100000000111100000011000000000000000000000000000010100001000001001
00100000100000101000100001001000000111000000000100001000000000000000110100000111010000010000001000110000000010000010100000101000000000010100000001000000000100000011001000001000000000010110000100100001011001101110000000000000000001000000100000000000100000000000000010001010010
00000000000100000001001100010010000001000100000000000101000000001100000001010010000000000010001010001110101010001100000000100010001000000100001100001001100100000000100100101100000000000100000001000001000000000000010101110101000000011000000000001100110001000010010000001000001
00000001101000000100000000100100001100011000011100000000000011000000111010001000000010000000000100000000000000000001100000000000000000000000000000000011000100001000101000010100001001011001010000100000100000101000000000010000100110010000000000110000001001010000000100010000100
00001000001000000000100001000100000000000001000000000001000001101000000001000000000001110010000000011000000000000000000100000001000010000000010000001010000000001000100011010010000100010000000010000100000000101100000100000100000110000000001000001000010010010001110000010000000
10010010010100011010010000000110010000000000010100000001000010001100110111000100100100010000000100011000100100011010000000000010000100000000010000000000001010000111000000000000000000011000000101001111111000000000000010000000000000010000010100001101101000000010001000000100000
00001000000010001001000000001001000000010000000001000010100000001000000000001000010001100000000011000000100001000000000000100010100000000100011000100010100010100000000101000000000000000000000000001000100000000000001010101010000000001001100000000010100111100100001100000001000
00101011100000010000000010000100000000100000000100000001110000100110000101001000000000000000000000000010000000000010000001000000101000000100001000011000010100001010000110101000000100000010010000000000000110000000100001000000000000000000000100110000100000001000000100110100010
10100001000000000000000000000101000011010101010010001000000010000000000001010000000111000000000001001000000000000000100000000000000000010000011010001010000110000100011001000000000000000000010101000000000000010000000010001001000010000000000000111010110010000001010010110001000
00001001001011001000011110000011001000000010000010001000100110110000000000010000000000000001001000000000000101100111000000010000000000000100000000001010000000110001001000000100101000011001010000000000000001100001001101000100010011100101000100000110100000000000000010000001000
00011001000000100000000011001001011000000010000001100000001000010011100011000001010000010000000100001000001000000000100100000000001000000000000011000000111000100001010100100001000000110000000000001000000100000001010010010000000000000000000100000110000100000010100001110001000
00010000010000001000010001100001000000100000000100111100001000000000001000000000000011000000100000000000000000010000110010001100010010100110000010000001000100000100001001000010000011000100001010101000100111010011000000010100000100000000000001000100110001001000100001011000100
00010000000000000100000000100000000000100100000000000000010001000010000000000001010000000101001001000000000000000000000000000000000000111111000000001000000000100011000000000001100010100101010000000100010000100001000010001000000110000000000100000011011100000011000000110001110
10010010010100000000000000100100010001100000110011001000000000000000000100000000000000000010000001000000000001100010000000100000100000100001100011110001000010001100001000000010010000000001010000000001000000001001000001000100010010111000010000101000100000000000000010010001000
00100001001010000100000000000001001010010000010000000000001000001110001010001000010000110000001000100000000000000000000101000000000000000000010001000000001000010110000010000010000000000001010001000100100100000000000001000001010000010001000000000010000001000010001000011010000
00000000011100000000101000001000010000011000000001000010110000101100000000000000000100000011001010000011100000010000000100000000111000001000000000011000000100000001000000101100101000010000010000001001100110000100000100010010000000000010000001000000000001000000000001000010000
00010100010110000011000010110001010001011010010001001001000100101000010000000011000010000000000001000000000010000101010001101000000000000000000000000000000100000000000001010000000000010001000000010100000001011000000000000010000010000000000001101000001000000010001000100000000
11000000010001000001001000000000000000100000101100101100100000000010000110000000010011100010110010000001101000100000000000000000010001110010010010100000000000000000000010010010000000001000010000000000010000100000010110001101101100000000000000000001000000000000000000000000000
00001000000000001000000000100000001000000001010100110000001011000101000001000000001101001000010001100001100010000001101000010000001001000110010000001000000000000000000000001000000000000010001010000000000000010000000000100000100000000000000100000010000000000000000000000100110
01000010000000000100000000000101000010010000001100000100000000011000101011100110001011000000000000001001100010010000010000000100100110000000000000010100011110000010000010000010000011000000010001100000000000101000000100000000000000000000000000000101000011000000000000001011001
00001000001000100000001000000000000000000010100010000000110000000010000100000000000001010001001010001000000100000010100000010011000001000000000000000001010000000001001000000000000000000000100000010100100000000000100011001001101100010010000001001000100000000000100010000000000
00010000000000010000000100100000000001000000000000000000000000000001000010000000010100000001010000000000010000000000000100000101000000000000001000010110010001100000000000110000001000000000110011001000000000110000000001000000000100010000000001000010000100010001000001010110000
01000000000001000000010010000000000000000010000001101010000010000000000010000100000010100100001001000000000010000010000001000000000000100000100000000000000000000010000000100000001000000100000000011011000101011000000000010000000000000000001010101100000100100000100101001001100
00001010100000010000101000000011000000100110110000100000000100010110000000000000100010010100000100000010100000000000000000000000001000110010000011000000000000000000000001010000000000001000000110100010010000100000000000000000000101000000001000000100000000000100001000000010100
00000010010000000000001000100100111110010011100000000000000000001001000000100000010000100000000000011000011100000000000000000010000000101011100000100000000100101011100011000011000000000001000000000100000101000000010001000000000000010000000000000000000000100100000000011000000
10001001000101000001000000001001000000110001000101001010001010010100000000000000010010110001000001001000100010000010000001000010010001000101000000101000000000000010100010000000100000100000000000100001000101000000100000000100000000010011011100000000100111001001000000101001000
00000000010101100000000011000110100110000011010100000110010000011000001010010000000010001011000000000001100001000100010101000110000110000000000001010001000000001100000000110000000001000000101010100011000000001100001001000000100010001100000100101010000000100010000000001001010
11011001011100110010000000000000110001010011000001000100000100110000000000000100000000000000011100001100001000001000100010000010011000111110000010000100000000001000001000000000010000000000000000010010100000010000000000000000001000000110000001000100001010001100001000100010000
00100100010001010010101000000000001011000000000110001001000000000000000000000000000010010000110000010000001001000010101000110100110000000000100000000000010010000010000010011101000000010000000010000001010000000000010000100001110000110000000001101000001000101000001100000000100
00000000000000000000011000010000000000010000000100000010000000101000000000000000001001000101000010000010000010000100000010001000100000000001000110000000000100100000000000000000000110000100000010000001100001000110100111010000010000000010101000000000000000010100000000001100101
01001001000000000000000001000000100010000100000000000101001100010010000000000000000010100100010100001000001000000000000010000000000000100000010000000010000010000010001110011110101010000000001000100111011010010000000100100000010001100100000000000000000000001000101000000100100
00000000001010100001100000000001011000100001010000000010000100001000000000000000100100000100100000100000000010100110100000100101010000100001000100011000000000010000000000100000010000000100010010010001000001110100100001100010000010000001001000001000000000100001000010000000010
00100001100101100010101000010100000000010000010000011010001000010000100000000000010100000000100011100000001100100010001001000101010000000000000000000000000111001000100100000000000000100000000010101001000000010100000010000010001011000000000100000001101000010100000000000000101
00000001000100000010100010100000000001000011010101110000000011000000011000000010010000000000000000000100101000000000100000110101000100100011001101010100001001010001000000100000010010100101101101010000010000000100001110000100100100100010000000110101000110000001000001101100000
00000000010100000001010000000000010000000000000100001000000000000000110000000000000001000101100001000001000000000101001001000110000000101000000000010000000000010100100100000100001010000000000010001100000000000001000000000000001000000010010000001001000000000010100100000011011
00000000101110001000000010001000000110100000000000001001101100000000010000000000000000100000010000000001000100110000010001000100101001001000001000010000000000101010000000100000001000101100010100000100000100010000000101000000100000100010001000001010010000000010000001100000001
01000001000000001000000001000100000000101000100011010100000000010100110010000000000001100001000000001000000100000000000001000000000001000000000000010000000010000000000000000001000101000010001010001001110011001000000000000100000000000000100000000010000100000001000001000010100
01010100110101000000000001001000000000000000001010010100010100100001000000000100000010001000000000000000000101010000010000000000000101101000010010100000010010110000110001100010000011000000000101010000111000100001000001001101000100001000000000000000101110000010000000001001000
00000111010000000000000001010000010100001000001000000010000100001000100010001110001000110000001000000011000100001000010100000111011100011000000100001101100001000001100000010101000100010000010001100001000000000100000000010001000000000100010000000010001000000101010001001000000
10001010011010000000101100010010000000000001100000100000100000110010001000000000000010100000010000000100000110000000000000000100100000000110001000000010100000000000100000000000000001100110010000000000000001011001001001001000000001000000000010010000000010000000000000000011000
00000000000000010000000000010000100000000000000010000000000010000001000001100100110000000000101000000001000000000001000000000110010100000100001100000000000100001100100000001010000001001101111100010100000000010000100000000000001100000000000110000000100010000000000011010100000
00101000001101010100010001001001000011001000100000000000000000010000001000000000000100010101001000100000000110000000010101101001001000110100001000000110001100000010110000100110000100000010100000011000010000100000010000000000001110000000000000000001100000010000001000100000001
00000101000000000001001010000110000110100010000110001000000011000000001101001000010100000000011000100001000001000001010001001001011101000100010001000000000000001000100000010000100000100001010010011000101010000100010100000100111001100100100000000000000000001000001010011100100
00001000000000000001001010001111001001100000001011101010000100000001000000000001011010100000000000110000000000000001000110000000001000000000011000010000100010001000100000000000000000000000010000001000010100001000001010000101000010001001000000000100000001000000000010010000000
00000010101001010000010011000000000010011000010000000000010001000101010101001000000000000010110101011001000100010001000001000000000010000110000001000000001010010000001001100110000001011000000000100000001000100000000010000000010001100000100000001001000110000010001011011010000
00101100000100100010000000010100100010000010101101100000110000010100000010000100100001000000011000000010010000010101100100000100000011000000000000000000010000000000001000100010000000000000010000010000010000001000010000110000010110001000011000110000010010000000001001010000000
01001010100001000000000000000000000100001000101000100000100001001010001100000000101101000000110100011001011000000000100001010010000001000000000001000001110010001000000010100001000001011000101000010010000000000000100000000100010011010001000000000010000000000001000000000010000
00011000000100001001001000000100011000000010100011000010010010000000000000000000000010000010000000010001000100100000010000000000100010000010100000000110000000001011000010010000101010100000001000001000100100000000001000000010000000000000110000000000110001000100000000010000100
00010111000001000001000000000000010000000100000000001010000011010000111110011011110100100010100010000000101000000000010010011001100000001000100010010100000010010000000100100001010011000010011100100011000000000000000001010100101000000001000000000010000010000000000000000100000
10001000001001000000001000010100010000001010001011000000010000000001000011000100100000000001010000010100000000111100010010100000010000100100100110110100010100001011000000001001001001000100000000010010001010000000000000000000001000000100000101001001000100000001000000110100011
01000000000000101000000000000000010000000000000100100011000110000000010001000100110100100100110000000100010000000001111000111010000000000000000000000000001000011001000000000010000000000100101110000100010000000000100100100001000010010000100011000010111001000010100000101001000
10000100000000100001000000001001100000000000000001111001000010010000000001010000000010000000010001100000000110100010011000000000000000000000110010011001010100001000000000100000000000000000100000000000000000000000000001010100000100010010000001000000010001000110110001011010101
00000010100000000110000000000101000000001000000010001100010000000110000000010000000000100000101010100000101001110100110000000110000000010010001000000100000010100000000011111000000000000000000001001010000000000000010100100000000000010001011010000000100000000001001101001101110
10000110000001000000000011010000111010000001110010001000100000000001000000011000100000001000100001000001100000000000100000000000001000110100100000100001000001000000001000000000000100001000101000000001000001000100000100000101000100001000010101110000000011100000010110010001010
11010000010110000000010010000000011111001000010000000000000000010000100000000000101000010010000010000100011001010011000011000000100010000100000000000100001000000100000001000000100000010001000000000000110010000001000000000000001000000000000000100010001110000000001000000000010
01000100000100000000100100001000000010110000000000000000000001000000000010000001000000010000000000100000001000000000100101000000000000100010100011010010000100000000010010000000000000000100000010000010001000100000000010001010011000001011000010001001000010000000001000010000000
00100000000100100000001000110010010100100110010110111000000001000001001000000000000000010001000000100100000000000010000001101101010100000001011000001000000000100101000010000010101000000000110010100000010000000101100000000000011010000000000000000000110000000000000111011000001
00100010000010000100000000010000001010000010000000100001001000001100001010000010000000010001000000000000100000110100010000000101000000100000100000000111000100100000110101010000100100000000100110000000001100000000001000000001010100010100000000000100100000000001100000000000100
01100000010010010010000100110010011000011010100000000100000001000001000010010000100000010100000000000000000101000100000000110011000010010001001000000001000100000100001010001100000110010100101000101010000000010010000000000011000011001000000011000000001000010000000001100001010
00000001010100000100000100000000111000001000000110010000010000101001000000000000000000000110100001000001000010000010000000000000000010000000000100100001110001010100010000000000010000000001011000000000000010000101000000000001000000000000001111000000100001100010110000000100000
00000011000000000000010000110100100000010010000011000000000000100000011010010000110010000001000001011011110000001000101000100001100000000000000001011011000000110110000001100010000001000000100000000100000010010010000000000000000100000011000000100000000011000101000100101000000
00001100011000010001010001000010011000010000100001000010100010010101000101010000100011001010000001100000011000000000100000000001000000000001001000000011000010010000010100010000100100000000000000001010000000000000001000000010000000000101000000100000000000010010000100010110010
10100000101000000000001000010010100000000100000000100001000000000010000000100000010000000010001000000001100001110100100100000010000010100000000010000001011000010101000010101000100000001000000010011000011001010010100000000000100001000000000001100010001001000000000100010000000
10100100000010000010000000101000000010000100000100101000110000010100000000000000000100000001000000000000100000001010110000000001010000110000011100101011100100000000010000000011000000000000001100000000000000100000001001001001100000000100001000100000001000010101111100000000010
00010010000001000000011000001000000001100111010010000000011001000000010000000010000100001001000000000100101010100000010010000000000000110001000000000011000110000100000100000100100100000001000000001100001000000100100011100010001000110000000010000000000010000000110001110010000
10100010000001000100100000000100000000000010001000000000001000011000001000010000000000100100000010100000000001001110010001010010100000100001001000100010001100100010000000000000110100000101000010100000010000010000000000000110000000001000010000010000100000000000010010100010001
00000010101100000000000010100000000000010000000000000100000000100001000010100000000100100000000000001000010000000000010000111000010100001000000010000000010010000000000010001100000000000001110000000000010111000000001110000000000000100100000000000000010000000100000100011000010
00000000010001010000000000001000001011010000010010010000000100000011011000010011000000000000000100000010010001011100101000001000000000000000010101000000101001000000000000000000100100000010000101000001110000011000011100000001000000110001100000010000000000000000000001000010001
00100100000001000000000100010000000000001000010000011000000001000000000010000000010001010010001010000010000000000110000001100100100000010000000000110000000000000011000000110000100110100000000010001001100010000010100010010000000000000001000000100100000000001000000110000100000
00000000000000000000000000100100000000010001100000010000000000000100001000000011010010000100000100011100000000010000010000100110100010100110010000100010000000010011000110011001000000000100001100000000101011000100000101000000000000000000000000000100010010000000110010100101010
00000001010000011100110000100000000011000001001000001100001000100001000000000010001000000000011000000000010000000001000000000000000000100001000000001000100001011000000010000000000000100000010100000010010101000000000001000100000000001000010000000010000000000010000000000000001
00100000000010000100000010000000000001100000111101100000100000100000000001100100000110000100000000100101100010001010000000010000000111100001000010000000010011000000000010001000000000000001010010100000010100000000000000000001011000000100101110001001001101000000010000000001000
00010001100000100000000100011001001000000000000110100000000011010100100000001000000100000101101000000001100100100010011001000000000000000010000000100100001001000110100000001100000110011001000000000000000001000111000010000001001000000000000000000000001001000010000000000001000
10010000010110010000000000001001010010000000100010110000010010000000000000100001110100000000001000000000000000001000011000001010000000101001101100000001000001100100010000001000000000000100000000001000001010000000101001000000100001000000000000010100000000000000001100001000001
00110010100000001010000101000100001000001100110000001000000001001001011001000000000000010100000000000000000000000000001000000000000100000000001001001000000110000000000010000000000000000110010000000100010000001000000010001010010000100001000000110010100101001010110101001000101
10010011000010000100000000000000000000010001001000100000000010011100000000000000001000010000000100100000110110001100110000001001010011010000000000000100000000000000000000000010000100001010100011100000000000000010001000010000000000000000100001000010110000000100000100010100100
00000001000000000000001000000000000000010001000110100001001100100001000100001001000000000001100000010001010000100000100100000000100000000011000000000010000000000000010010000100000000001000001000000000001001010001001000011000001100000100000000000001000001000100000000010000000
00000001001100000000000010010011000100001000101100000000000001000000000001100000100100000010101000000010000000100000000001010011001110001000000000000001011000001000010000000000000000000000100000010000010100100100000000000000001000100010000000000000000000000000000010000000000
00000001001000011100000000000000000000000001000100000000000010100010001100000000101000000000000000000010001100011110000110010011000000010100100000010100010100100000100000001000000000001000000001000100000010100001100000000000100001000000000001000001001000001001010001100001001
01001000000000001101011000010000000001101001000010000100000100000100000010000000110100000000101000000001001000111010001011000100000100000000000010000100000110000001000000000000000001101000101000100000000010000001000000100010000000100000000101000010100101000010000000000000001
00000000010000010000000000100000000010001100010000000001000000000000100001001001000000101110011000000000000010000000000000001000001001000000101100000000000000000000101011010000010000001100000100000001000000001000100000100000000000100000001000000001000101000000000000000000001
00000010001101000110111101000000000001000100001010001000001101000010100100001000101000000001001000000100000000011000100000010101000000010000000000000001110000100000000000000000000001000000000000000011000000000101001001100001000000100000000000000000011000000011000000001001001
11000000001100111010000000010000010000100100000100010000110000000100000001001001000000000000001011000000000100010000000100100001010000000000000000000001100100000000000000100011000110000011000000000000000000001110100001100100000000000010011000000000000101100000000000000010010
00000000000010000001100000001000010010111001100000010000000000010100000000001000001000000000001100000100001001000000001100010000001010000011010000001000001000000010001100001001000001000101000010000000000010000000110000011110000100000100000000010000000000000100111000000001000
00000011100110000000000000000000001001010000000010001000000000000100001000000100000000000100100000011001001000011100001100100000010000101000000000000100101001000010001100000000000000000000000010000010000010000000100000000000101000001100000000100010000110000000101001000000110
00010010001001100010101100100000000100010001000010001010000000000000100010100000001000000100010001000000000010000100000000000100101000010110000010000000010000000101100100001001000101000101001001100000000100001000001000000000000000100000000000000000001000110010100000011000010
01010010000000000001001111010000000000000100100000001000000100000000100001001000100101000000100000100000100100000100101000010100001000100000100010000000101000000100100011100000001001100010000010000000001000000000000010000000000110001000000000000000100001010100000000100001000
00000000000000011000000000001000000000000000010000000000000100000000001000000000000001001000010000000000110000000011010001000010000010000100001011001010000010100000010111010100010010000100000000110100000001010100010000000100000001000110001000010000010001000100010100100000100
01000001000000001000000000000000001000000000000000100000000100000010001110001000000010000000000000000000001000000001010011000000000000011110000000000000000010100000100000010000101000000000000111000000100100001000001000000000000000100001010100000000100001000011000000000000000
00001000000000101100100000010100000000100111110010111000000000000000000000011001100101001010010010000000001000001010100010000001000100101001000001000010010001001100111110101000000100001000000100001001100000100101000110100000100000000110001000000101000101100000001001111000100
10001000000100010100010011011100000001000000100010010010001100010101000100000001010000101000010001000000010100100100000100010010000010000100111010000100000000000101000100110000000000000000000000100000000010100110000100000000010010000010000010000010001111001001000000000000000
00001010001000000010000000011010000000000000000100000000010001110101100000110001000000001000100000100010000001001000001010110000000000010010000000110000001101000010100000010001000000000011000100001100000000000100010001000110000000110000010010001000010001000010000000000100100
00000000000000101001000000001100000001100000100010010010000001100000000000000001010100000000000000110000100000000000000000100001000100000100100000000001000000000000010001010000000011001000000010011000000100001000010000000000000000100100001101010000110010000100100001000000000
10000100000000000001000010000001000000000101000000011000000000000000100000101000101100101100000110000000000011000000100000000011100001000000000000000000000100100001010100000000001000001010000010001011000110010000111000010001000010000000000000010000010100000000000100101001000
10010000000000000001010000100001100000000000011000001001000000000010110000110100010000000000010000010100010001000110010100110000000000100000010000000000100101000110010000100110001000001000000000000000001000100110100000110100000000110101001101000111111000001000000001001011001
00000000000000000011000000010000000100000000000000001100010001000000000000011010000001001000010000001000001110001000100000000010000000101001000001010000100001000000010000000000000001010101001000000000000000000000100000100000000000000000000001001000100000000101000000000000000
00000100001000000000010100000000001000000101000000001000100010000000100000000001001000100000010011001001000001010100100100000000000110101000000000001010000000000011000000000000000010000000100100000000100000000000000001001010000000000000000000001100000000000001010000000010000
00000101001000000001000000000100001000100000000000010000011011000000010110000000000100010000000000001000010100100000010100001100001000000110000001010000000000000000001000100000000000001011010000000000010000000000000000000000000100000100010000000000010001000000100001001000000
01001010010001010000000100000010000000000000000001100000000100000000010100000110010100000000000000000100100000000100000000000001101010100110000000000010010010000000010000000000000000110010100100000100000000100010000000010010010000000011000000100110000100100001101000000100100
00000111001000000011000001000011000000011001110000001000001000011011001000000010000100000100000110000000000000000011000010000010111001000000000001000000000000010100100001010101000000000100000001101000000100000110000000101000000001010100001010001001001000000000000000000001001
00001000100000001001000100100100100001010100000000000000000000000000000011100011001011001001000001001001010000001000100010000010000110000001000110000000010000000001000100010000000010001000001010010100000001001001000010010010000000000000010010000001010000110100000010000000010
00010000000101000010001001100100000000000000100101001001110011000000000110010000100011000011010000000100000010000010000100100000100010100000000001100000000011010001000001100000000101000000010001000000000000000110000010100011000010000100000000111000000100001100010000000000001
00000000000010011000000100000010010100001000000000000000000010000000000000000001000000000000000100010000000001000011100110100000000000000100110011000000000000000101000100000000000000000000000000000100000000000010100000100011100010100100010000100010000000010000100000010100000
00000100010100000000100100100000000000011000100011000000100111011000010010100000000000100000000101010000011000000000000000000000000010000010000001001000000000000000110000000101000000100011010000000000110110000001011000000010000000001000000000110000100000000100000110100000100
00110000000000011000101010000000000000100100000000001000000000000000000001000000000000100111001010000000010000000000011000000010000000000001000010001000000000100010011000000000000001000001000001000000000000000001100100011110010100001110000000000010000010000000001000010100101
00000100000010110001010000000000100010000100101000001001000000000001000000000000000000001100000000000110110010000001001110000000000000000000010000000000001000101000000110001000000100000000001000000001011100000000100100000000100110000000100000000000000000000001001000011101000
00000000000001010000001000100000000100011000010001000100000010000000110101000000100010000001110000000110000000000000110100000000100000000000101010011001001101110000000001100010000011000000000010110101000110000011000101000001001000000100010000010000100101001000000000000000000
10000100000100011110001000000001000000000011000010000000001000100000100000000001000110010010000000001000000000000100000100000010000010000000000010011010001000000000001101010001000000001010000010100000100000001100000001010001100010000000010000000110100010000000001000000000000
00000001000000000001000000111000001100001001000000000000000100000110000000110110000010000010000000100000001100001100110000010000000010001000001000000000000000000011001101111100000010010000000000000001011110101010101100001101010000000011000000001000100000000000010110000000000
10001000000001000100010010000100010010000010000100000000000101101100001011000000000011000000010010000011000000100110000000000000101000011000000000000000000000001100000000100100001001011100100010001100010100000111000100010000010000001100000010001000100011001000000010000010010
01000110100001000100001001000000011000010111010000001100001001000001101001000100100000000101001000100000000000000100000000000000101000000010110011001100000000000000101000000000010010000000110010000001010000011001000000101000000110000010000000000000001000000100010110000000001
00000110000011011100001010010100000010100100000000001100001000000011100010001100000000101000000000100100010001000000000010000000000000000000110010000100010010001000000000000110001010100010000001010010000101000010000000001001101000000000000001000000000001010000000000001000000
00000010010001100000110000000000101000100101000110000000000001001000000001000000001001011000000001000110010010111010000010100000011100000000000010100000000000010000010111011000001001001100000001001010000000000101100001000000000010110000010010100100000011000010000010000000000
00010000000110000000000000010000100000000000010001000000000001100110001000000000000000000000100000000000000010100000000000000101000000000010001000011000000000000010000000110000010001100001110100010000010000100011000010000000000000000110000000010010101000000100001100000000000
00000000000000000000100000010110000100000000000000000000100010011001001110000100000000001010001010010000100000000010000001000000001010000000101000000000000011001000001000010000010000000100001001000000000000001001110001001010010010000000000001011000000000000001000000001000000
00010000000000000100100000101010110100000001000000001000000101001010101010000011000101010000000100000001000001001110000000011101000100000000000000000010000000010100000000000000001000000000100101100000100000001010000100000000101001001100011110000000000001000010100100000100000
