29
00000010001001000101000100100
00000010000000100001001010010
00001001001000000000001000001
00000101001010000100010000111
00100000010000010100000100000
00010000100001000000000010000
11000001001000000000100000000
00110010010000000000001100000
00000100000000000000001000000
00001001001000000000010010100
10110010010111100001001101001
00000000001000001000000000000
00010000001000100010100000000
10000100001000100100000010000
01000000001011000001000000101
00001000000000000000101000010
00000000000100000011100001100
10011000000001000000000000001
00000000000010001000000000000
11000000001000101000010001000
00000010000010011000010000000
00010000010000000001100000000
01100001101000010000000000000
10001001001000000000000000000
01000100010001000000000000010
00000000001000001001000000000
10010000010000101000000000000
01010000000000010000000010001
00110000001000100100000000010
