30
000000000010100011000100010000
000100000001010100011001100000
000000101000011000000001010100
010000000000100000010001000000
000000010000010000000000010010
000000000000101100101000000000
001000000000000000100000100001
000010001100010000000100000000
001000010000000001100000000000
000000010001100001000000000000
100000000000010000000001110010
010000000100000100100000100000
100101000100000010011000110000
011010010010001010000010001000
001001000000010010000000110001
010001000001000010010100100000
100000000000111101100000000010
100000001100000010101000100000
000001101001000011000110010000
010100000000100100001001000000
010001000000100001010010000110
100000010000000100100000001100
000000000000010000101000100010
011100000010000000010000000000
010000100011101101000010001010
101010000010101000100000000000
000000000000010000000100100010
001000000000000000001100000000
000010000010000010001010101000
000000100000001000000000000000
