32
01000001010010000000001000001000
10001010000100010001000000000001
00001100100000000010000001010000
00000111101000100010000000111000
01100000101000001100101010010110
00110000000011100101000000010000
01010000000010001100101011100010
10010000010000001101000110000000
00111000000000000001000000001001
10000001000100000101001001000010
00011000000000000010001000000000
01000000010000001010001000010010
10000110000000000100000011000010
00000100000000000010100101000000
00010100000000001000110000000010
01000000000000000000000000100010
00001011000100100100000100000110
00001111010010001000001000100000
00110000001101000000000001000100
01000101110000000000010000001000
00001010000001100000000100000100
00000000000000100001000000001000
10001010011100000100000000000000
00000001000001001000100010000011
00001011000010000000000100010001
00100010010011000010000000000101
00010010000000010100000000000001
00111100000100000000000010000010
10010000100000000001010000000010
00001000000000001010100001000000
00001010010110111000000100011000
01000000100000000000000111100000
