36
000001000000010000010001000000000000
000010000010000000000000100000010010
000000000100101001000000100001000100
000000000000100000001001000000000100
010000010100100001000010100000010000
100000001000010000010001001010000000
000000001010000000101001000000000001
000010000001000000010000111000100011
000001100000000000001000000000000101
001010000001000000100000000000000110
010000100000101100110001000001000010
000000010100011000001000000001010001
001110000010000000001000000000100000
100001000001000010010100000000110000
001000000011000101000010011000000010
000000000010001001100000000001000001
000000000000010000000000000011011000
001010000000001100010001100000000100
000000100110000100010001001010001000
100001010010010001100000110010000011
000100101001100000000000100101111110
000000000000010000000010100100000001
000010000000001000000101000001000010
100101100010000001100010010001000000
011010010000000001011100001011001110
000000010000001000010001000000010100
000001010000001000100000100101100000
000000000000000000001100001000110000
000001000000000010110000100000000000
001000000011000110001011101000110100
000000010000110000001000001101001000
010010000001010010001000010101000001
000000000000000010101000100000100000
001100001100000001001000110001000001
010000010110001000011010100000000001
000000111001000100010100000000010110
