38
00110000000000010000000000000100000000
00110000001000100001000100000101101000
11010100100100000000010001100000010010
11100001100000000000000000001000000001
00000100000000000000000001000000001000
00101010001100000010100000100000010010
00000101010001000000010101100001000010
00010010000000011000101000010000010100
00110000010000000000000001010000010100
00000010100011100000000110001100000100
01000100000100000000010100000000000000
00100100001010000001000001000110000000
00000000010100000010010000000000000000
00000010010000010010110101001000001000
01000000010000011000000000100000000000
10000001000001100000000000110000100000
00000001000000100001001000100100000000
00000000000000000001010000010000010010
00000100000011000000001000010000000000
01000000000100001100000000000101000010
00000101000001000000001000001000000001
00100010001011000100000000000110100000
00000001000000001010100100001011110000
01000010011001000000001000000000010010
00000000010000000000000001000000100100
00101010100101000000000010000011000000
00100110000000111000000000001000000010
00000001100000010110000000000000100001
00010000010001000000101000100001000000
11000000010100001001010000000000001011
00000000000100000000011001000000000000
01000010000000000001001001001000100000
01000000000000010000011010010001011001
00100101100000000100001100000000100000
01001000000001000000000000000100100000
00000001110000000000000010000000000001
00100110000000000101000100100100000000
00010000000000000000100000010100100100
