40
0000010000000000001000000101000001010110
0000011000000010101010001001000000011000
0000010100010010010001000001100101000101
0000110001000000101010000000100010101001
0001000010100000010100010100010100000001
1111000100000000000001000110010000000000
0100000000110001000000001010100100000000
0010010000000001110000001001000000010000
0000100000000001100000101010000101000000
0001000000100000000000000000000000100100
0000101001000010000101100111000100000111
0010001000000001100000100010000110010000
0000000000000001000000000000001001100001
0000000000000000101111100000000000000011
0110000000100000000000010010000000000000
0000001110011000011000110010000100111000
0101000110010100000000001000100000000000
0010100100000001001000000010000000000110
1101000000000101010001000100000000000000
0000100000100100000000000000001100000100
0101000000000100000000001000100000000000
0010010000100100001000000101100010001001
0000000010110101000000010000011001000000
0000100000000011000000100101000000110000
0100001110000000100010000010000000000000
1000110000100000001001010000000001000010
0000011010110011010000001000000000000000
1110000100100000000001010000000001000010
0011001000000000100011000000000000000000
0000110000000000000000100000000000110000
0000000000001000000100100000000100000000
0010101010110001000100000000001010000000
0001000000010000000001000000000100000010
1010000010001000000000100101000000010010
0001000001001001000000010000010000000000
1100000100010001000000010000010001000000
0101000000000001000001000000000000000000
1010000001100000010100000000000000000000
1000000000100100010000000101000011000000
0011100000101100000001000000000000000000
