41
01001101000010100001000000001000000001100
10000000100000000000000001000110100000000
00010001000000001010000010010010001000010
00100000000001010000001001000100000000001
10000010000000000000110000110000110001000
10000010000000000100000010101000100000000
00001101100001000000000100101100000000001
10100010001000000010000010001101100000001
01000010000000000011000000100000000000101
00000000001000100010001011010000000000000
00000001010010000110101000110001111000010
00000000000000000010000000000000000001010
10000000001001000000000000001000000100000
00010010000010010110000000000000110000000
10000000010000001110100010100000001010100
00010000000001000010100001000100001000000
00100000000000100000000100110010000001110
00000100001001100000000000100000011000010
00100001111101110000110000000001000101000
10000000100000000000000000000100000010101
00001000001000110010001001110000010110000
00001000000000000010000001000100100000010
00010000011000000000100001010000010110110
00000010000000001000000011000101000000000
00100101010000100000000101000011000000000
01010000010000010000111110100001000000001
00001110101000101100100001010000000100001
00101000011000001000101000100000010000000
10000111000010000000000000000001010100000
01010011000000010001010100000001000000000
01100000000000001000000010000001101000000
00000001001000000010000111001110100000100
01001101001001000000010000000011000000000
00001000001001000100101000011000000010010
00100000001000110100000000000010000100000
00000000000010000010101000101000001010000
00000000000000100001101000000000010100000
10001000000100001010000000000000000000000
10000000100000101001001000000001000000000
00100000001100001100011000000000010000001
00010011100000000001000001100000000000010
