43
0010010000000001001000010010101001100000001
0010001000000100100000000001001000001001100
1100000000010000001010001001000010001000001
0000000000000001000000000000000000000001000
0000001000000000100000000000110000001010001
1000000001000010101000000000000000000000011
0100100001000010000101000000000000000010000
0000000000000000000001000000000011000000000
0000000000101000000101000000001000000001001
0000011000001000000011000010001010000011101
0000000010010101000001000000000000000100000
0010000000101000000000000000010000100000000
0000000011010000001000000000010100100010011
0100000000100000100100100000000001000001000
0000011000000000100001100010000000010000000
1001000000100000000000000010010001000000001
0100110000000110000000000001000000100000000
0000000000000000000000001001101100010000000
1010010000001000000000001000101001000000000
0000001010000100000000110000000010001000010
0010000001000000000001100000000000100000000
0000001111100010000010100000000110000000000
0000000000000110000111001000000010010000000
1000000000000000000100000000100000000000011
0010000000000000011000100100010010010000010
0000000000000000000000001000000000100010000
1000000001000011000000000000000100001000000
0110000000000000110000000000000110000000000
1000100000000000011000010000000000100101010
0000100000011001000000001000001001001000000
1100000011000000011000000000010001000000010
0000000000001000010001000011000000001010000
0010000101000000000101101001000000010000000
1000000100000101001000000000011000000000100
1000000000011000100010000100100000000000001
0000000000000010010000101000000010000000000
0110100000000000000100000010010100000000001
0000000000100000000000000000100000000001000
0000101001001000000000000100000100000000011
0101000011000100000000000000100000000100001
0100000001000000000000000000000001000000000
0000010000001000000100011000101000000010000
1010110011001001000000010000000000101011000
