45
000100000010000100110000000001100000000100000
000001001100000000010010111010000000010000000
000000001111001100001000000000001111000000000
100000000000100110100000110000010000000000000
000000100000000001110000001000000000000000100
010000000010000000000000100001000010000000000
000010000100000010010000000001001010000010000
000000000001000001110000100000000101000110000
011000000001000001010010100100000000100100000
011000100000111000001100000000100100000000000
101001000000101000000100000000000010001000000
001000011000100001100100110000001100010000000
000100000111000100001000001000000100000110001
000000000100000010000000000010010000000100001
001000000110000000000000000010000010000000000
101100000000100000001000000100000000001010001
000100100000010001100001000001011101000000100
000010011001000010000000000101100000000100000
100110010001000010010000100010010100000000010
110010111000000000100010000010000000000101000
001000000100100100000000001000001000001000000
000000000111000000000000010111000000100000110
010000001000000000010000000101010000010001001
000000000000000010000000000000001000000001000
010101011001000000100000000011010001100001010
010100000001000000000100000110101000001001000
010010000000100000001000000000000000000000000
000000001000000101000110010000001010101000100
010000000000011000110100110000000000001010001
100001100000000011000110100000010001011000000
100000000100000001000000010000000000110000010
000100000000010010100010100001000111000000001
001000100001000010001001010100000000110000100
001000010101100010100000000000010010010011000
001001100010001000000000000100010100011000000
001000010000000010000000100001010000100000101
000000001000000000000100100100101001000000001
010000000001000000000010000001101110000100000
000000000010000100001000010111000010000100000
100000011000110001010000000000000000011010000
000000110000100100000000000010000100000100011
000000000000000000010011110000000100000000000
000010000000000010000100000100001001000000000
000000000000000000100100100000100000000010000
000000000000110100000010000010010001100010000
