46
0000000001100000000100001100010101010010100011
0010000101000100010000000010000101000001100001
0100000001000000000001010001000010000100011100
0000010000000001000010000000011010000001010010
0000000000100000000000001000000100000000000101
0001000011000000001100000001001001000010101000
0000000001000101010011000000101100000100000000
0100000010010000001100000000010101100000000000
0000010100001011001001000000000000000110010001
1110011000100000101000000000000000100001000000
1000100001001000000000000000000000000000100010
0000000100000000100100001000000000000011001100
0000000010100000000000010000000000000001100001
0100001000000000000001010000000010000100101100
0000000010000001000000000000000001110000000000
0001001010000010000000000001100010000101000100
0000000001010000010001100011000001000000100000
0100001000000000100001000001000000100000100000
0000010111000000000001010000000100110000000100
1000010100010000000000000011110110000000001000
0001001000000000000001000000001010010001010000
0010001010000100111010100000000000000010010010
0000000000000000100001000000000000000001000000
0010000000001100001000000000011000001000000110
1000100000010000000000000010000000000100000000
1000000000000000000000000010101000100000000000
0100000000000000100100001100010000000000000010
0010010000000001110100000000000111001000100000
0000001000000001000100000100001001110010100010
1001000100000000000100010010000010011000110000
0001011000000000000010010100100000000000000100
1100101100000000001100000001000010000000101000
0011000000000101000110000001010100000000000001
1100010100000010100000000001100000000000000000
0000000101000010011000000100100000000000110100
1000000000000010001010000000110000000000000000
0000000000000000000000010001010000000000000110
0010001010000101000000001000000000000001001110
1000010010010000000001000000100000000000001001
0101000001011001000010100000000000000100011001
1100010000101100110000000001110100100000000000
0011000010000000000011000000010000100001000100
0010010000010100000100000000000100000111000000
0010100000010101001000010000001000101100010000
1001000000100000000001010010100000001100000000
1100100010001000000000000000000010000011000000
