47
01000000000000011010001000100100000111100100000
10011001001001000010100100000010000000100000000
00000010100100001000010000000000000011000000000
01000110000000000010001000000000000010100000000
01000000100001001100100010010010000000000100000
00010000000000101011010101000000000010000000100
00110000000100001010000000000000001000001010001
01000000010101100001000010000000000000010111000
00101000001110110101011000000000001000011110000
00000001001011100100000000000110000100000000000
01000000110010000000100010000100000010100000100
00100011100000110010000000100001110000011011000
00000000111000000100001010000000000001000001101
01001001010000000001000001011000001000100100110
00000101110100000010000000000000101000001010000
10000000100100001000000000000000111000000001000
10101110000000010000111000000100100001000000000
00001000110010000010010001000000101001100000000
11010110000100100100000000000000100000000000000
00000101100001000000000000101000010001100000000
01001000001000001000000110000100000110000000001
00100100100000001100000000000000010000000000011
10010000100010001000000000000000000010010000010
01000100000000000000100001010000010000010000000
00001001001010000000100000001000001001000000001
00000100000001000100000100010001000000001100001
10000000000100000001000000000001100000000000000
00001000000001000000000101000000001000000000000
00000000000001000001000010000000011010100001001
10000000011000001000100000000010000000000000010
01001000010000000000000000000100000001110000000
00000000000100000000000001100000000000000001000
00000000000100111110000000100000000000101100000
00000000000100010001010100001000000001000101000
00000010100001110100000010011000000000001000010
10000000010000000000100000000000000000010100001
10110100001000000000101000001000000000101000100
10100000000010001101000010000010010000001000000
11010000001001000101000000001010100010011100011
00000001100100000000001100000010000100100010000
00000010100100100000000001000000101011100001000
10001001100001000000000001000000110100100000000
00000011100100100000000000000000000000010000000
00000001000110010000000000001001010000001000010
00000100001011000000000000000000000010000000000
00000000000001000000011000000100001000100001000
00000010000010000000110011001000000100100000000
