48
000001011000000000000000001000100000000000010000
000000001000000000000100001100000000011000000100
000100110000101000010000000011010000000100100000
001000010000000000100001000000010000000000000000
000000000000000000000100000000000010000000000010
100000001000010000000000100000010000000010000010
001000000001000000000110001000101001000001000001
101100000001011000010000001010000000000000011100
110001000000000000000010000010000000100001100001
000000000000100111100010000010100000101000010101
000000000000000000000000000001100010010000010000
000000110000001000000001000010001000000010000000
001000000100010010010000001000010100000000110000
000001010000100001100100001000000000000000000000
001000010001000001000001000000000000100101000000
000000000100000001000000000010010001010101000010
000000000100100000000000000000000000000000110000
000000000100011100100000000000000001000000001100
000100000100010001000000000000001000000000000100
001000010000100000001100000000001000001101010001
000000000000000000010100001001100010010010000001
010010100000010000011000000000010000010000101001
000000101100000000000000000000100000101000000100
000100000001001000000000000100111100000000110010
000001000000000000000000000000000000001000001000
000000000000000000000000001010010000100000000000
110000110000110000001000010001000001000000100000
010000000000000000000001000000000000000000101001
001000011101000100000000010001010000001100100000
001000000010000000001000001010000110001000000101
100000100110000000001011000000010000010000000001
001101000000100100000101010010100010000000000000
000000100001000000110001000000000000000001010000
000000000000100000000001000001000000000001000000
000010000010000000001000000001010001001011100000
000000100000000101000000001000000010001010000010
000000001100001000000010010000000000011001011010
010000000010000100001100000000100000100001000000
010000000100000000010010100011000011100001010000
001000000000001100010000000010000000000001000000
000001000001000000001000000000000011000001000000
000000101000001100010000000000001110111110000001
001000001000100010000101001110000010000000010000
100000010110100010010001000000001000101000100000
000000010000000001000100100100000000100000000011
010000010100000001100010000001000000000000000000
000011000000000100000001000000000001100000001000
000000101100000000011100000101100000000001001000
