49
0011011000000011001000000010000001000000101000011
0000000001100100011000100000100000000100000100100
1000100000101111001101110011000000001000000000010
1000001000000101000000010001000000101001100000000
0010000000010010111100010100000010100010000000110
1000000000100000000000000000001110010000010000001
1001000000100010011110000000001000000101010000001
0000000000000000001000000000000000110001000011000
0000000000000011001001000001000100101100000000000
0100000000000000101001000010111100000100000101000
0110011000000010010000000001000010000100000101000
0000100000000010010100000000000010100001000000000
0010000000000000001000000000010010011000110000000
0111000000000000000011100001010011000100001100010
1010101010110001000000000000001100010000010000000
1011000010000010000000110000000100100000001000010
0000100001000000000010000000001000100000000001001
0100101000110000000000000000001000010000010000000
1110101111001000000010010000000101000000010000100
0010101000010000000010000000000100000000000000001
0000001000000100101100000101000000100001001000000
0010000011000100000000010100110000000000100000000
0110000000000101000000000000000000000001000111000
0011100000000001001001000100000000010011000000000
0000000000000000000000000000011110000001010000100
0000100000000000000011010000100000110000000110010
1010000001000000000000000000101000000000000101000
0011000010100100000010000000010011001100000100100
0100000001000000000001000110000000000000001010000
0000000001001100000001001001000001100000010000100
0000011001000010110000001010000001110100011101101
0000010011000011001100001000000000100000100010111
0000110000111100000000001001000000000000000000010
1000000000000100001000000001011000010101000000000
0001100110010001100010000100011100000000100000000
0000010100001010010000010100001001001000000100000
0011000010001000000000000001000000010000000000010
0100001011100100000000000001001001000011000110000
0000100000000000000000010000000000000101011000000
0001001100010000000010111000000001000110000100100
1001000000001000000001000000000100100000000000001
0000011000001010011000001000011000000010000100100
1000000000000101000010000000101000000010000100011
0100000001100100000000100111001000010101011000000
0000000100000000000000100100100100000100000000000
0000000101100000100000100010001000000000000000110
0100100000000000001000001001011100000001010001000
1010100000000101000000000100000110001000001001000
1000011000000000100100000000001100000000101000000
