75
000100000001011000010010010000010100000100101000100000000001000110101000000
001010100100000000100010000000001101000001000010100000000100011000000000010
010010010000000011010100010001010011011011000000000000010100000110000000000
100010110001010000000010000000100000000000000001000101000101101010000000000
011100000000001010100010010000010000000000010000000011001000000000010000000
000000000110010000000101000010101000001101000000100000100000000000000000000
010100001101001000100001000100000000000001100000000000000010110000000000000
001100000000001000000011000010000000010000000000001001000000000001000000001
000000100000110000000000000010000110010000010010110111111100100110000011110
010001100010100000000100000101010000011000010010110000110000010000000011011
000001000100000000000000100000100000000001010001000000000000100001001100000
100100100000000000000111000010000010010000010010000100000001000000010001100
000000001100010000000000001000010001001100010010000001110000000000101001010
100101001000100110101000000000100001100010000100011000010000100001000000110
100010110000000001010010000001100101000100000001010001011000000000100000001
000000000000010000001000000100101010111000000110100001101000101000001010000
001010000000010000010000101100100010011001010000100000100100000100000000010
001000000000001000011000001100010001001100001000000100000010010001100010100
010010100000010000001000000001100101000000001000001011000000000101000000001
101000000000001011000000000010110101000001000001000010000000001110001000000
000000000000010101100000000101010000000010000010001010001000010000000001010
001001000101000000000000010000100000101100000010101000010000000100000010000
110110010001001000000000010001100000000100100010111100010000000100010101000
000001110001000000000000010100100000000010100010000000010000000000001000000
000000000010000010000000001101111010010100000000100110000110010000110000000
101010000000000000000111000010000000000000000000001000000010110001000001010
000000000000100011000000100110101100100100110000000100000100101000000100011
000000100100000111001001101011100000000100010000101001100000100000100000100
000001011001000000010000011100110100000101010010110000000000000000000010010
001000000100001000101010100100000000000110000010001000000001111000000111000
000101000010011110110111101110000111001001001010000000010001000000100010000
101010000100100001011000100010000100000000000000100100100000000000000000000
010001000000000100000000101000000100010000000000001000000001100000000000010
110000001000001000110000001010111000110000000000001000000000000010100010001
001000001001000110000000100000100000000000001100000000000000010000000100111
011000000000111001110000000000100000101100000000011000000001000000000100001
000000000000010100000100001000000101010000110000001010010000000000000100100
001000011101000110000000100000001100100111100010001000001100000110000000001
001001000100100111000100000000100001000100100011000000000001000000001101000
100001000000101001000110101111000001011000111100000000110000001000100100000
001000000000010000001001000001000000010000001010001001000000100100000010001
011001100010000010010000000010100000010000110000101000000000000100000010101
100000100000000000000011001000000000111101001010000000001100101000010110010
000010001111100010000000001110000000100101000000000100000100010100001000100
100000000000000001100000000000100010000110100000100001010000000001001000000
000000000000010100000000000000000010000100000010100101000000000001000100000
010000001101100100001111000011100000011010100100000000100000000010000000100
000100000010001000010000000000000000001000000000100000000000001011000010000
110001001100000110000110100110010000000001001101000011000000000000000000000
000000001100011000000010000010000001000000000000000000000100000010100000000
000000010000010000101110010101001101110011000000000010000010000000111000000
000100001001000001000010101000010000000000010100000000000000111001000000000
000010001000000000111000100000000000100000000000101000000011010000101100001
000110011000101100100000000100000000000010001100100000001000000100011000000
000001001100100110000000000100010000000100000010000000000000000000100010000
001000001100111000000111000000100000100100001000000000000100010000110000000
000010001000001100001000000000000000010000100000000001000000000011010100100
011100001000000010000000101000000000010000110000010000010000001100000000100
000000100000000001000000110000000000000000000000001010000000110000000001000
100100000001000000000000000001101001001000000000000010000000101010000001000
000100101010010100000000011101001000000010100000000100000011000000001000000
010000100100000001001000110001000010000000010000000110010010001101110100000
010100000000000100010000001001000000000100100001000100000101010000001011000
101000001000000010110110000000000000010011010000000001000100010000010000000
101100001000000000010000000000000100010000000011010000001001000000000000001
000000010010010001100000010000000000000000001101000100001000010000000000000
100000000000101001000000100100100100000100000000011010110000010000000000000
000010000001000000000010100000000000000000100000001001011000010100000010000
100000000010100100010001000000000000001000011000001011000000101000000011101
000000000010000000000010001001000011101100100100000010001000010000000000000
000000001100000101000100000011100100000011100001000000100000001000011000000
000000001101100000001010010001000000001000000000000000000011001000001000010
000000001001010001000000000100000010100001010010000000001100000000001000000
010000001100110010001000011010001010000000100000000000000000000000000001001
000000010100001000100000001000000111010011000000000010000000000010001000010
