22
0000000010000000010100
0000001001100000000001
0000001010001000000000
0000001100000010100000
0000010001000001100010
0000100000000000110000
0111000000000100000000
0001000001001100000000
1010000001000000000000
0100100110010000000000
0100000000001000000001
0000000001000000000101
0010000100100100000000
0000001100001000010000
0001000000000000000000
0000100000000000101000
0001110000000001000000
1000010000000100000100
0000000000000001000000
1000000000010000010001
0000100000000000000000
0100000000110000000100
