24
001000000010000000001100
000000110011011000000000
100000000000100000000000
000001100000000000100000
000000011000000100010000
000100100100000010011110
010101000010000000100001
010010000000000010011000
000010000001011100010000
000001000000000100100010
110000100000000000001000
010000001000000001110010
001000000000011100000000
010000001000100110010000
010000001000100000010100
000010001100110000000000
000001010000010000101000
000000000001000000000000
000100100101000010010010
000011011001011000100010
100001010010000010000011
100001000000001000000001
000001000101000000111001
000000100000000000001110
