25
0101010001000010001001000
1000000000000010000000010
0000001000001100110000100
1000010000000000110110100
0000000001000100101000010
1001000010010000101010000
0010000000000001010000000
0000000010000000000101010
0000010100000000000000000
1000100000100000001000000
0000000001000000101010100
0000010000000000000101001
0010000000000000000000000
0010100000000001000000000
1100000000000000001001100
0000001000000100100000010
0011110000100001010001100
0011001000000000101000000
1000110001100010010000110
0001000100010000000000000
0001010000100000000000110
1000000100010010100000000
0011000000100010101010000
0100100100000001001010000
0000000000010000000000000
