26
00010000100000100000001000
00000000000100001000001100
00001000000000000110000000
10000101010001000000001000
00100000100100100101000110
00010010000000000011000000
00000100100100011101000000
00010000000000000000000001
10001010000001000000101000
00010000000010000000101000
00000000000011100000010101
01001010000000110001110010
00000000011000000101000000
00010000101000001000010010
10001000001100000010000101
00000010000100000000000000
01000010000001000100000001
00101010000010001000000000
00100100000000100000000000
00001110000110000000000001
00000000110100000000000010
00000000001101000000001000
11010000110000000000010000
01001000001000100000000000
00001000000101000000100000
00000001001000101001000000
