28
0000001001000000000100101110
0000000000000000001001001101
0000110000010000100000000000
0000000010101000000010000001
0010000010000100110000000000
0010000100000100100000000001
1000000000000010100001000000
0000010001100100000100010100
0001100001000000010000111001
1000000110000011000100110001
0001000100000000100000000000
0010000000001000100100000001
0001000000010010001000000000
0000110100000000110100100000
0000001001001000000000000100
0000000001000000000100000010
0010111000110100001010000001
0000100010000100000011100000
0100000000001000100000000000
1000000101010101000010000000
0001000000000000110100000000
0100001000000000010000000100
1000000011000100010000010000
0000000111000000000000101010
1100000010000000000000010100
1100000100000010000001001010
1000000000000001000000010101
0101010011010000100000000010
