300
000100000010001010010000010000001001000100010000100010000000001000000100001000000010010001000000100000000000000000001000001001000001000010100010100000000000000000000000000001000000000001001000000100001000001100010100000110000110010000101000000100000010000010000000001000000000000001000000000000001000
000000000100010100000100110000010000000100000000001010000101110000001000001101000000001000100001110010000000001010001001000010000000000100000010100000000010100000010010000100000000000000010000000000000001000100001001010000000000101000000000000000100011000000010010000000000001100000000000001010000000
000000000000000000111000100010000100100000000100100000000000010000000000000000000010001010010000000000000000000000010000000010011010000001010001100000000100100101000000010000100111100010000000001000000000000000010010010000100101100000000101001000010010000110100000000100000000101000000001000000001000
100010000000001000000000000001001000001000100100000001010101000010010000000001010000000010001000000000000000000010010000100000001000000000010001110000000001000010000000000000000001110011001000001000000000011010000001000001000110000001000000001100101000100001000010000010011100000000000000100000000000
000101001010001100001000000011010001000000001100001000000000010100001001000100000000000100100001010000100001001100000100101000000100010000000100000100000000010000000101000000000000001000010000000110001100000111000000000000001100010010010001000000110001111001000111000101000000000001000001101001000000
000010000010000010010000000000000000001100000001010010000000010000000100000010000000000100100001011000000010000000010101000000101111000001000000000100000010000011001000000100100000000000000110100000100000000000000000000001100100100001100000000000000001000100110000000000110000101000000000010011000100
000000000001000000001000010100000110010000000000000001010000000000000011001000010001001000100000100100000010001010000000000010000000011011000100000110001000100011000000000000000000000000000010000010000000010000001001000101111001111010100000100100000000011000000001101100000010000101010000000100001001
000000000100000100011110000000010101111000010000110000010010110010000010000000000000000100100000000000001000100110010000100000110011010000100010010010000000101000000000000100000000000000011000000000010100001101000010000001001011001000000001000000100110000000000101010000100100100001000100000000000000
000010000000100010000000100011011000000000111001000000000100010000000010000000001000000100011101000001000000001000000001000000000000001000010100000001001000000000001001000000010001000010000010001000010000001100000000000011000000101000000000000001100101001000000010110000001001000100011101000000000001
010000010000011001010010000010001010100000001100000010000000001000000010101100100101100000000000100001000001010000000001100100100000010001100000000000000000110001000000000101000000010101000011010010000000000000000001000100110000100000001000000100000000000010001000100010100100110000010000011011010010
100011000000011100101001111000000000000010010000101010100000000000000100000000000000000100000011000000010001100010000001001000010000100001000011000000001001001000001001011100000010010000100100001001001100000000001000000001000000001000010100000001001000000010000111000000000000000000100100001000000000
000000100000000000000010000001000000000000010011001100101001000010000000000000010000000001001000000001001010000000100010000100100000010000100001110000000001000000001100000111001001001000000100101000010001110000010000010000000000010010011000010100100000000011000000000110000100000100001000000000000100
000000001000000000000010000010000001000000000000000100010010001100000011000001001000001000000000000000010000000000000010110001001000010000000001000000000000000000100001010000001110001000011100010000000001100100101000000000000000000000000000010100110001001000000000010000010000000000000000000000100010
010000000110000000001101001000000000000100000000000000100001010010100000001000100000000000100000010001101000000010000001100101000010100000001000000010110000000000000000000010000001000010110100101001000000000000010000000101100001000000000010000000010000001000101000001000010000000000010000000001001010
100110000110000000000001100000010010000000000001000010100011010000100010000001000100000000100001000110010000000000001000000000001100010000000000001010000100000001000000000000010011001010011001000000100000000001111100000000000000100000000101010100000000100000001010000000001000000000010000000000000001
010010010010000001110000100111010000000000000100000000000000000101111101101101000100000001000011000000010000010010000001000110000110001010111000010100110011000000001101000100001000011001001000000000010100000000000000000100000001010000000000000001010000010000001000001000001001010000000000001010000000
100001001000000001001001100000000000000010010000000001000000000000000000000000001000010000001000000001000001001000000000011001000000100000000000000010000000000100001001101001000000111101000001000001100010000000000001000000000001010000100010000000101000100000000000000100100000100000001100100000010010
000000000100000110000000001000011000010000000010100000001000000001100100110010000001000000000000001000001110000000010101001000000001011000001000000100000011100010000000001000000100011011001010110001000001000000000110000000010000110000001001000000001000100100101001101000010000000011001010100001010001
001000000010000100001000001000000010011010100000010000000100010000000000000001000010000010000000001000100100010000000010011000000000000000000000001000001100000010000100001001001010110000000010000000000000000000010000000000000010000000101000000000000001000100000000110000000101000110000000000010000000
101001010100000100000010001010000001011010000101000010010001000000000001000001000100010100000000100100000100010000100110000011100001000100000000000011000000011010000100010000000000000000011100100010000000001001000110001000000100000000000011010000000101000101000000001000000010000010000000100000000100
001010110010010010100001001000010000110001010000010010000010010010010010001000000100111010001000100000000000000000000000101000011000000000110010000010000100110010111001101011010000000000000010000001000000011010000000010000100000101000000000000010010000000010010000000001000010000001101001000000100111
010000010000010000000000011010001000100100000000000000000100010010000101001010001100100000110001000010100000010110000000000100000101000001001001100000001001100001001000100101100001000100010000100010001000111000000000001100001000000000101000000000000000001001001101001100010000000000010001010000010000
000000010101100000010000001000000000010000000000001000001010000010110010001100100100000000100000000000000001001000000000000000010000000110100000000010000000001000000100001011010000011001100010001010000000110010001010001001100101001010000010000000001010000000101001000000001010001101101001000110110001
000000000010011010001000011000000000000000000010100000000000101000001000100010000000110000010001000100110000010000010010000010001010000010110000101100000000000101011000000000001000001000100000110101000001100100001000100000000000000000011010010000101001000000011010000000000000000010000001100000000100
011000001010001110000000000000010001001011000110101000101001100010100000000010000000001000010000000101000000010000000111010000010000110000000001000110000000000000000000000001000010000100101000010000001011010000000010000100000100000100000000000100011000000000000001010010110000101100011000010100000001
110000100010000000000101000000000000100000000000000101001000001100001000000010001000100000000000100000000000000100000100000000000000000000000000010000010100000000100000000000000000101000000100100000000000000000100001101010000000000010000000000000110000001000001001000000000011000000100000010101111000
000000000010010001111111000000010001110000001100000010000000001001001100000001001101000000010000010001000000000000100010000011000100100011011000010000000001000000110010100000100100000001000000000100001100010000000001000000000000000000000000001100010001100000100001100000000010010000000001001000000101
000000100000000100000000000000000001000001000000001001001000100001000000000001000010010010001000000100100000010001001000000100100010000010101100000000000100000010001000100000010000001000101110101100000000000000000000000000010000000100000000000000001100100000001010000000110010010000000100000000010011
001010001100100100010100000000000011100000001000010000000101000000000110000000110000000000010000011010000001000000000000000000000000000000000000000001000010100010000000000011000000001000000001000010011000000000000000010000100000101000000100001010000100000000000000000000000001000110000000001000000111
000110001001000100000000000000000100011100001001000010010000000000000010000000110000000001010001010000001101100110000010010000110011000000000000011000010111000000001011100000000000100000000000000000101001000000000110001000000000010100011100000000110000100000000000000010000010000001000110100011000000
000000000000000000000000000000000000001000000010000110000000010000001101000000000000000100000010101000000101101001000001000000100001000000000000000000000000011110000000000000000000000001000111001000000101001010000100010010000101010010000100011001000000100010100100000110000000000100100110010000010000
010010011000001101001000101000000000100100011001000010001000000001000000001100101000011000000000001100110100000100000000010000000010111011000011100000000111100000000000101000000000000100100000000101000000000001001111010000000000000000000000000000000010000111000000010101000001110010000100000000000001
100100001100000001000100000000000001010000000001010100011000000010001001010110010000000100010010100000000110010000000000100000000000000000010000001100000101000000000000000000000000000000000000000010001010110010100100000010000010010000000101000100001010100010001000000000010110010000000000000000000001
001000110000000000000000000001000000000000000000101000001000001010100000011000001100000100100000101000000011000100000000001010100011010000011010101001000000100011100100000010000000010100001000000011000000001010001001011000001000100000010001000100111000000100000000000010001101001010100000110011000000
000000100100001000100000000010000000000000000000101101011100000000100000001010000001000000000010100010010000000001100100001000000000010000000000000110110000000101000100010110000010000000000010000000100001000110010000100000010001000000000001000000000000000000000000001000000000001000000000000000000000
100010010000100000010000101110001000000100000011011001000000000000100000000011001000010000110000100100000010000101000000001000010000001101010001110000001000000010100000011000000000100100010000011000000001000010001001000000000100000000000010000000011101011000000010000001010010000100000000000000000000
001000010100000000001100011010010000000001000011001010000000000010100000000000000100100000000000000000010000000101110000000100001000000010100011000000000000010110000000010000000000000001000000001111000000000000010101000000000000000000000101001000001000010010100000000001100100000000000010101000010110
000000110000000001111010001001001000000010000000010100110000000010000010000001000100010000110000010001101100000001000000000000000000000000000000000000000110101000000000000001101000011001000000000001000010001000000000100000000010000010000000000010000110000000000010100010110110010001000010011000100010
000101010000000000110000100001100000000000000001001000000000000000001000000100010010000000001011010100100000111000000000000100101010100000010000110100000001000000000010010001000000000100000000010000001110000011010000010010000000000000011000000000000011000000011101100001100000001010000000000100000001
110001000000010000000100000001010001000000000010010000000110000011100000010000000110000001010100000010000001000010000000100000100000101001000000000010100000100000010000001100001010000001010010000000000110001100100010000000000000101000000000010000000011010001000010010001000000001000001100000000000001
000000000010000010110000100000000000010000001000000000000100000000100110011000000000001000001000010000100000100000000000000110001000100000000000000001011001010000010101100000010011000010100000000000001000100001100001000000000101000100000000100000010000110011001000010010100000000000110000010000000010
000000000000000000001000100100000000100000010000001000011000100101100010100101000000000000001000000001000000101010000000000100111000001000000000110011100000001000100000000000110000000100110110100000000000001000000101011000000011100010000000001000000101010000010000000010100100100000000000010000000001
000100001000000000100000000000000000000000000000000011100010000000000000000011110100000000000000010000000001000000010001000010001000000010010000010010000000000010100000010010010100000010001001010000000000010100000000000010000000000010001000000100010000000000010010001000000000100100000011000000000000
100000011011000010001000000000010000000001000000001001000100100000000100000001000011000001000000000000010001000000000001001000000010100000000010010010010001010000010100000010010001110000100001000001100010000000010100000000001110101101000000110000010000001010101100110110110010010001010000010010001001
000010001100000000000000001011010000000010000100000110010000010001001001000100001010010100000000001000100000000010101000000001001000001010000010000000000100000000000100000000000001000000000000001110000100100000000100100000001000011000100010000000000000000010000001100100001000000010000000010000000000
001110000100000100010000101000000000000000001000000100010000000000000000000100000001000001000010000000000000000000000100001000000100000000000001000011010010000000001000000011000000000000000010000000000100111000000000000100000000000000000001001100000100000000010000000010000000000000000000010010000100
000000000001000001000001100000100001100100000000000000011010000000000000011001100000000000000100000000001001000000100001011001100001100110010010000001010000000000000000000100001000000111100000010000000000000000000000000000011001100000000110000001000101000001000000010000110001101000001001000100000100
000001001001001000010000000001011001101000000000000010001000000000000100001000000101100000010000000010010110000000001000000000000000000000011000101100000000000000010000000100001000001110000000000000000001000100001000100000000010000000001000100000000010000110000010000100001001000010000000100010000100
101000010010000001000001100000000110000000000000000100101000000100100101001100010000000011010000001001000000010100000100000100001000010010100011000010000001000100000010001001110001101000000000011010000001000000100100010010000000000000000100010000000001000011000000010000000101100000000001010001010000
000001010000000000101000000010001001010100000000000001000000010000010010010100010000000100011000011001000001000110000000000100000000000001001000000100000010000110000100000000011100000000100000001101001000000000000010100000000000100010010000000100000010001000000001000010000000001010000001110001000001
010010000011000000000010100100000111101001010000000000000100000000000000000010010010011000000000000010000100010001000000000001000000000100000010100100000011000000000000100000100000100000000000000100000010101111000110000000000000000000011000010000010001000000100001000000000000010000001000000001001000
000000000001100000000000010000101010010000001100100000000000000000010010100100000000000000000000000000100000010110000100000000000000000010000001010000000000000010000000000001000010000000000001000001001000100000000100110010000000011010000000000000100000000101010000000011110001100001000001000100010000
110001000110001000011000001001110000100000101001000000000000001100001100000100100010000101000000000010001000000000000010001101000001010000100000000010110000000111000001000000100000000001110000000000000000001000011110000010100001000001100100010010011000100000100000000000000000001000001001010000000000
000100100000000010000000010100000011000000110000010000100010110001101011000000000000100000000000100000010000000000001000101000000000110000101100000000000100000100010001100001000001000000000000000011000000011001000100011110110000000000010000000100100000010000000000010000001100000000101000000100001001
000000000011011000000000100000000000010000100000100001000001100000000000000010000100110000110110000110000000000000000011000100001010010000000000001001000000000100111110010000000000100101100000010000010000000000010001000000001000000001010101000100010110000100000001000101000000000000100010000000010001
000100110000100000010000000001001010010001001110000000001010000000100001000000100000000000000010110000000010000000100000110100000000010000001000100000101000010100000100000001000000000000010011000000000000100001010000100000010000000000000000000000101001000000101110000000010000000010100001000000011000
000000000001000001000010110100011110000001000011100000010000001000000010010001000001001100001010101100001010010000100100100000000000001000010010000001001100110000010000000000011100101000000000011000000000000001000100001000110010000001000100010000000010000000001000010000000000100100101001001000001000
010100001000000000100100000010000010000110010000001000000000110011000100000100110000101010000010001000101000000000000001000000000011000000000000100000000001000100000000000001000100001101110000000000010100100000100110100100000000000101011000100100001001010000000000000001100000011001001000010010101001
000000010000101000001010000000000000000100100010000001010000000000001101000000000001000100000010100000000001000100000011000000000100000100000000010000000000000000000010100000010011010100000000100000010100000100010010100000100000000011000001000000000001010000000000000110110000000011000000000101010100
010100000001011000010000100010000000000000000000000000100000000001000000000000010010000101001001000100010000110010100101010000000010000000000001100011000000000000000001000000001100000001000000011000000100000100010010000000000000001010010000000000001000000010000001100010000011001001100000010000001000
010000010000000000000001100100000000000001010000000001100100000000000000011100000000000000011001000000000010010001100000100011010001000000001010100000010000001000010010000011000000001001011010010100000000100100010000000001000101110101001000000000000001010000000000000000010101000000100101100000101000
011011011000011000101100000000100000000000001000010001000100000010010000000110000001000010001010000000000000000000100110000100110100000110000010000101000101000000001000001100000000001001100000000000100000001000001101010010000100000100001000001000000010101001000001100010000000000000000000010000010000
100000000100100000000001011000000100000000000000000010001000000000100010000001000000100011000001000000110010010000100100000100010001000010000000000000001000100000000000010000000000001100111000101010100100000010000100000010000000001100000110010010000100001000000100001001000000000000000000000000101000
000010000000100100000000010000000000000001000000100010000000000000001100000000000101101010100000010001010001000000010001111000000000001001000110000000001011010000001001000000001000000000000110001001010000100000010100010001000100000000000000100100101010000100000010011100000000100000000110000100000000
000100010001010000001110100000001100110100000000000000000100010001001100000000010010111000000110010000000000001000011000000000000100000000001001000010000000000100000100010000001001011000000000100100010000011010000001000000000000000100000000000100110000001000000001000010001000001000010000000000100100
000000000000000101000000001100010000000101001000000001000101000010000001000000000000000110000000000010101110000000000000000001000000010000011100001011101000000000000000000010001100000100010010000001000000000011001000010000000100101100010000000010000000000000001000000000000000100001000010000010000000
000000000000011101000010100000000111100111000000100001010000001000000011000000000000010001000001110000000000000000000001000000000101001000000001100000000000000100000010100001000000010000000000000000000000100000100100001001010100000100000000100000011000001000000100010101000010001000101010101001010001
000100000000000100001010000000000000000000000000010100000000010000001001100001001000110001000001100000000000000001000001000000000000110001001000000001000000100010010000001010000010011000000001000000101011000000100001101010010000100000000000100110000010100000100111010010000001100010010000001001001010
010010000000000100000001011000101000001000001000000011000010000110010100001000000000000100010000110000000000000000010110000000000100110000000111000100001000000000000010001010011000000001000000000100000001000001000000001000001000000000000000010100011101000000100000000100001010000010100000000000101011
100001000010000101000100001010100000000010010001100010000110000110001001000000001010000000001010011000000000000000100000001000110000001101000000001000010010000011000001000010000001000000000001100000000101010110000001001010000010000100010000000000000000110000001000000000011000000100011010101010000000
000000111100101000001010000011000000010011000000010101001000001000100001000001110101000000000010001000001010101010011000101001001000000000000000011001000100000000001000010000100010000001001000010000000000000000000011000100001000000101010000000001101000001100100000110000110010000100000000011001001011
000010100000100100010100000000101000000000001000100001010010000001110110100000000000000100100010000000111000001000000001100001110000001000000001000001000010001000010000010101100001000001100001000100000000100000001000100000001000001000000001000001000101000000000010100010100100000000000000000010000001
000000000100000101000001000000000000000001000000000100000000000000010001000000110011010000000000001111001001011010000000000010100000101010001010000000010011000000000010010000000011000000101000010000001000000100100000100000000000000011000100101000000000100000000000101000000000000010000000000010001101
000000000000000001000000000000001100000110000010010000001000100000000000000101000000010000000000000000000101000000000001000001000101010111100000110101001100000000000000100001000000000000000011110001000000000110010010000010000000000000100101000000000100000100000100000000001000000000001000110100000100
110000100100010100001110000000010110000010000011100000000000100000001000000100001000100000000101000001110000000000000000101100000100000000100000010000000000000101000000010001001100000100000100010000000010000000000000000000010010000011000000000110000000000001000000000000000100000000100001100110000010
010010000100000100000010000000011000001001001100110110000100110000000000011000000000111000000000010011000000000010001000101000000000000001000001011110000100000100000000000000000000000000000000110000000100000000000001100001011000000000000001000000000000000010000110100000100001011000010000100000000001
000001000000000001000101110000001011000000100000001000100000010000000000000000000000000000010010000001010000000100000110000010010000010001000101010000000100100000000000000000001011000100000110000010000000100000011000110101100000001010010000100100000000100000010000100000000000010000000000000000001100
010100000000101100110000001100000001010001110010000000001000001000010010010000100010010000100000000000100000000000000000100101000000110010010100000001010100001101000000000000000000000000000001111000000010100000001000000000100001011100000000000100011010000100010000000000100000101000000100000110110000
000000000100010000000010000011010000000000100010000010010100000000000010100001011000000000101110100001000000010000010000000100010000000010000100000110101001000100000000001000001000000011100110000000000001000001100001000100000000000010100000000010000101100100100000000000011000000000100000010001001000
000100100001000000000000000011001000001000100000111000000101000010000010100000100001000010000001000000010000010001100001000001100000000011000000000000001100000000010000010100000000011001001000000000000001100000000010000000000000011000001000000011010101001000000000100000100000100011010000001100100001
000000001000100010000100011000010101000000001000000000000000000000010100001000100001100011100000010000000000000000010101000000000000000000000010100000010000000001100100010000011001000000000000000000001000000010100000100001000000000000110000010000010000100000110110010000111010001100000000001000000000
000000000100001100011110001000000100110100100001000000100000000100000010000000000000001000100000100000000001001010000010100010011010000010100000100001000000000010000001000010000001001000100000000000101000010000000100001011000000000000100000000001100100000000000100000001001000000110000000010000001000
101000000000000000100000000100000000001100011000001010000001000010000100100001000000000000000100000000000000001000001100000001001100100010001000000001000001100000000101100000000000010000000001011000000001001000000000110010000000000011000000000000000100000000000011010000000000000000100000000100100000
000000100100000001000000001000000010000000010101000000001010010100000010100000011000100000000100000000100000000010110000100100000000010000000000000001000111000010000000001001010000100000000010100101011100000111000101001000000001100000000000000011000000000000100000100010000100010000100000101100000000
000000000100000000001101010000000000100000000001000001100100001110010000001100001001010000100000010010000000000000100001000101000100000001000000000000000000000001000001101001000001000100000001000001000000000101100000100000010000100001000010000000000010000000100000010000001010111001000000000001000010
100000000000000010011001000100010001010000001000001000100000000010110000110101000000100000000000001000000110000000000000110000100000100010000000000110010000000100000000010001001000101010110000110000001000001000011000001000000000000010000000100000000001101100101000000000000100000010010000001000001000
011000100000100000001000100000010000000010000000001000001100000110000000000100000100000000010000010010000000010000000000001000000000000001000001110010000000000101000001010010000100010010010000000010001101000001000011001110010000010001110010000101000001000101100001101000000010101010001100010000001000
000011011010000000010000000000101100000000001000010010001011000001001001000000000000000010110011000000001000000010000000010000000000000000010101100001010000000000001100000000000000000001000100000000000010001000000010100000100001000000000100001110010000011000000000010000010000001011001000010001000011
001100000000000000101000000100000000000000000000100000000100011101000000000000011000000101100000100000100011100010001001000000000000100000100000100000101010000101010000001000100000010110110001000000001000001000000010000011000001011001100000100000000100100000001111110000110000000000000011100000000001
100000000001000100000000000001000000000100010100100010000001001000110000000000001000000010100000000000000001000000110000100000001000110001001000000000011110100001011000011000000101100000000101001000001100000101100000100111100000010100000000000011110001001000010000011010000000000010010000010001010000
010011110000011000000110000000000101010000000000000000100000000100000001000001101100100111000000111000000001000000000100000000000100011001000100010001100000100000010000100000000000000000001000000010000001100000000000001000100100010010101000100000000100000010000001100000000000001000100100000000110000
001000001000000000000101101011001001010100000001110000100000100000001000000010000000001100000000001000110010000000010100010101000000010100000001000100000000010101000100000001010000100000000000100010011000000000001100001000011000000001010000000100000010011001100001000100000100010000000001011101011001
000100001001000010001000000100000000001011000000010000001001110000000100000000100000000000000000001100000110100000000100000000000000001001000100010000010000000000000110000000100011000000000100000000100100000000000010000000000000100000110010000010100000000000011000100001100000000000010000100000000010
000000001000000000000000000000000000000100000010000000100000000010000000001000100011000000000000000000000010000000000011010000001001001000000000100000110110101100100001001101001100000000000000000000010000000001001000001000010000100001010000100010000000000000000000000000000000110000001000110000010000
000000000010000100000000000000101010001000000100000000111110010010000111000010100000000100000000000000010011000110000001000010000000000000000000010000000000000001000100001000110100011000000000100001000001100000000000001001000010000000001100100100000000000000000000000000010000001000000010100000001001
010011001010001100000101000001000000001000000000000000000001101000110000001000010000000100000000000000000000100000001000000010000000001000100000110101000100000000000000010100110000010111000001011000000000010000000000000010100000001000000010100010000000100011100000101000010001000100000100000110000100
110000100100000000011000010000101111000000000000000001011010000000111000000000100100000010100000000100000001100000000010010001000100000010000010011001000000000000110001010100001110000000001110000000100110000100100000000000000001010000000010011000000000000000001000000000000001000000000011100100000000
010011000000010000000000001011000000011010100000010000010000000110101100000100001000101000100000000100000111000001000101101000000000010000010100001111000000000001010000000010000000100010100000000010000101111101000001000001100101000000000100001000010001000001010001000110000100000000100000001000000001
000001000000000001100000000010110100000000001000110000001100000000000110100000000000010000111000000000011000110000001000011000100101000101010100000011010001000000000000000000100001000110110000010010001000010010000000000000000000000001001000000000110000010010100000000010011010101000000011010000010010
000000100000001000010001100100010001001000000000000000101001000000000000100000000000000000001000110001010000000100000000000001000000110011001001100011010001001010100000000001000100001000100000000001101000000000100000000000000000000001001000000010001000000000001001000011000000000100000100010001000000
010000000000001000000100000010000010000100000001001010100000000001000000100100000000101000000000000000001000000000010011010100010100000100101000010000100000101100000000000000000100000000001001000011000001000010100000001011000000000100000000010000000001000100110000000000001000000001000000000010000000
000000001101010010000000101000000000010001000000110000000000000100000000101110100000000000000000000100101000000000100000000011100001100100100101000101000001000010000000001100000111000010000001100000000000000110000010000000110000100101001000110110000010010000000110001001100000001000000000000100001100
000010000000010000100101000100010000011010001000000100000100001001000001001001000001000010010000000001000000101000100000000011000001000100011100000000010001010100110001000000000000000110100000010110001010000000000000000110100010000000001000000000000011000010100011000000010001000000000010000000111000
000000000010101100000001000000010010100000010001000001000001001100000001001010010000000000010010001100001110000010001010000100100110000010100000000000000011000000000000000000000000000010000000100000000100000000010011011101101000001000000001000001101000000010000100010000101010000100010001011011000101
000000010001010001000000000001000000010000000010000010001100000001000011100000000000000100000000001011010000100000000000000000000100110000000111000000111011000000000100001000100000000000101011100001100000000001000100000000000000001000000101000000000001010000000001000001000010000000010000000000001000
000000000000000001110000000001111000010000000001001000000000000001000000010000000000010000001000010000010001000000000100010110000110000000011000010000100000100000010000001001000100000001001000011100011000000000000001010000000001000000111001000000100000000010000000000000100000001100000101010000011001
000001100001000001000000000000001101000000000001000000011000101001000010000000000000010010011110010000010000000100001100100001000001000110001100000100001000100000110100110000010000100000010000000000010000000000000001100000000000000110001010010000000010000100000000100000011000011000000110000100000011
000010000110000010000010000011100100000100110010010000000010000100000000110000000100000011100010110000000100100000000100100010000000000000001000001011100000000010000010000101000010011000000101111010000000010010100000110100010000000000101010000100000010100100000000011001100000100100001000010001100000
000000010010000000000000000001100000001011000000000000000001000000000010000000000000000010001001101000101001000000000010000000000000000000010100000010010000000000001100000001001000011000100000000100010010100100010010000011101000010001000000000001000001100000110100100100010010100010000001100000000001
000000000100000100110101100100001000001000000000101100001001101000000000100000110000001000000000001000000000000100001001000000101000100100000010100000000000000010000000100001001110000000000000010000001110001001000100000001010000000010001000000000000000001000000000000001001010000000001000000100000000
010010101000000010000010000000100000001001000000000000000000000010000011100000000110000000000000000000100000000000001001000110000000000000010100010000010000000000001000000000010000100011000000110010100000000001000000000001000000111010000010000001000000000000000010000101000000010000000000001000000100
000010010000000000000100010001010101100000000000110100000010000000000000000010000000000000000010000100000010010000000000000001000001010000000000001011000000100100100010000000100001000001001000000010100000000001000010001000101110000000000000010000001000000000000001001000000010100010100110100111000000
010100110010010100000100000001000000000101001000010100000001000000000010100100000101000110000010000000010000000000100000000000000100001000000001000000000001001010101100010010001100100100001001100000000100100000000000010000000000100000001010000000000101101000110000011000000010000100000001100000001000
000000000000000000000000000100100011110000000000001000000000100000010000000000010000000000000000010000000000000000000100001000000000011000000000000100010001000000001001100000000000000010000110000000010000000001000000000001100000010000000010100000000010000011001000000000100010010000000000000001000100
000000000001000000010000001000000010100000001010000000011001111000000100000000010001100001000000000001100000000010000000000000001010000000000000000000000000001010000100000100100110000000000000000100010000000000000010000000100000100000001000000000000000000000001111010100100000100011000000001010000001
001101010000000001000001000000000000100000100000000000000000000110001010000000101001000001010000000010000000000000000001100011000101000001001010001000000010011101000001011011010000101100100000010001000100111000000000000001000100010001100000101000000010000011010100000000100010000010000010011010000001
110000000000001000000000000100000000000000001001000001000000000010000010000100000010000010000001001000010010011000000000001000000000001000000000010000010000000000011000000000000000000000001000000000000000001010001000000100000010000111000000000000001011100000000100000000000000000000000100000010000100
000011000000000001010000110000000010000000000100100100001001011000001000000010001010000000111000010000000111000001000000001000000000010000000000000010100001000000001000100000000010100000010000000000110000101000001000000000000000000100100000000000000011010000000000001000111000000000000111100001000100
000000000001100000110001101001000000000000000000000010100010010000001000000010000100000000000100100010010000100000000000010000000000000010000001010001010001000000100010100011000010000100000011101010001000001000100001100100100000010000001100000000000010000000001001000100000010000000000000000101000100
010001001110010101000000100000100000000000110010000000100111000100110001010000011000100010000110010010000000011000010000000010001000100010110100001000000000000000100000000000010010110010000100000000000000000100110011000000101000010000000000001010010110000000100000000100100110000000111000000000000000
000110010100110000001000000000001000000100000000000001011000100100000011001101000101010001000000010000000011000000010000011001001011010010000010000000100000000001001000010110100110000000000010001100000000101010110000001001000010001000100000000000010000000001100010000010000110010001000110000000100010
000000000000100010100000100001010000000000000010000000010001000100000000000000000000010100010100101010000100000000000010100100000000000010000011000010100011000000010000000100100001000000101000000000000000000001000001000001010010100001000000110000010100000000000001010111000000000001000000000010000000
100010000010000011101000000000000111000000010110000011000000000100000110001100000000001000000000011000000000000001001100100000100110000100010001000001000000010010000000000000001110100001000000001000000000010100010010000000000000101000000100000000000001000000001000000010100000100000000000100001000000
000000000101010100000100000100000000101011000000110010110000011000000000001001100001100000010000000010010100001000000000010000000000000010111100000000111000010100000110000000000000001000000000010000100000000010000100000100001101100100110000000011011100000000000000000000100000011001000011000001001000
011000100000000100010001001000000100000010100000000000000000100000000000100010000100000000000011000001100101001000010001000000000000000011000000000010100000000001000100000000010110000001001000000000000100000000011000001010100000001100001100000000001000100001111101000000000000010011001000000010000000
100000000000110010010000001000000000000000001010001010000000100001000011010001010010100000010000100101100010000100010000100000001000000000100000001010000101000101000001010100000000000100000000000000000000000100000000001000001000011100010000000010001000000100000000000010010010110010010000000010001110
000001010101000000010000000101100100001101000010000000000000010000000101100000010000010000000000001001010000010000000000001000000000001010000000110100000001100000000100000000010001000000000000000000011000001000001000011000000001011000000000010010000000001001000000000000010111100000000000010000001011
001000010010000000001010100001000001000001000000000000000000111000000101000010100100000000000000000010000000000000000000000000000000000000000100000000100000000001010101000001000000000000000100000001000000000000000000000000000000110011000101011100010010001000010100000010000000000000000000010010001100
001101000000101000001001000000000000101011101000100000100000000000000010000000000110000001000100000000000000010000100001100001000000110100010100000000011000110100000100000000000010001000000101110000110110000000100000000000000000000000100000001000001000000000000100010100001000001000000001010000110000
000011000000001100000100001000000000000000000100000000000010010010101000011000000010100000100000101010011100000010010000001000000001010000110100010010100001000000000000000000000010010000010010000001001110101000010000000001100001000000000001000010000000000000000000100000000000010000001101000001000000
001001010000010100000001000101010100001000010000000000100101000000000000000000000100000000000000000000010100000000100000101000000000000000010001000010000001110100000000000000011000000001001000000100100101000000000100000000000000000100001100000000000000000000000000010000100000110010000000000000000000
100001010000000001010100000001100100000000000010000010000100101000100000010000000000000000000100001001100010000100010000100000000100010000101100001000000000010010000000100010000100000010001000000000101000101000000100000011100000000010010110010000000000000000000100000100000100001000000000000000100011
000000000010010010000000101000010000001110010010000001000000000000011000100001000010010011000000000101001000010000000001000000001000000000010000111000001100100000001001011100101001000000001000000001001000000010100000000100100000100110000100001011000010110100000000010000001100100000000000110100010011
000010110101101001000000100000010110000000000000100011110000000001011000010011000001000001110000010100001000000101000100100000001101001000000000001000001001010001000010000010000101011000100010000000010000000010000000011010000101000011100000000000011000010000000010001011000000000000001000000000001110
000000101000000101000000000000010001000101001000000000001000000100100101100000000000000000101101000000000000000011001000000000100000010100000000100000000000010000000100001000011010000000010000001000000000000011000010000100000000001100100000010010000010101011100110000000001000011110011000000100000000
010000000000000000010010000000000001000000000010001000000010010000000100010000000000000000010000001011100010010000000000001000001000001000010100110000000000000100111110010011010000000010000110100000000011100000011111000011000001000000000000100001000100000000000010000001101000001000000000100000000000
100000100000000100000011001100010000100000101010100100000000011000000000110001110110010000000000100100010010000000000011110110100000000000000100010000100000000100010001000001000000000000100100000000000000000010100000111001000000000000101100010000000000100100000000001101000000000100000000010000000000
001001100110000000000100001000010001000100000000010000000000000100010100010110010000101001101000001100000000000000010000000010000000000000000101001000010000000000100010000000000000100000010001000000100000000000001000000101000001000000100000000000000101000000100000000100000010000010000000100000001000
100000010101000100001011000100000000100000000000100011000000000000000000011000000100000010000001000011010000000000000001000101000101000000000001000010100010000000100010000000000000000001100001000010000000100000000001001000100000000001000000000000000000000100000000001000000100000100010000000010010000
001100001000000100001001001000001101001000100011000000001000000001000000000001000000000100000000011000100100101000000001001100001110100100001101000010010010000110110101001010100010010100000100000000000001000000100100110000000000001000010100100001100010010000000000000001100000010110000000000000000100
000000000000010101000100001100000100000000000001010001010000100011010000100000000010000001000000000110100111000000010000000100000001000000010100000000010000000000000010000001000000000000001011010100000000000000000000110100000010010101000000110000000100101000000001000010000100010000001001000010100000
000010101000000000000000000100000000000000000000000001000000000101001000000011100000000100101000011001101010101000000001000100011101000111011000000010011001000001000000011010001000001001000101000000010000001000100100000001000100100000010010110001000001001000100000100100000010011000001000010010001010
110000010010000000001000000000010100100000011010101000001000110100001000100000001000000000000000100000001000010000010000110000000000000000000000000000000000100000000100000001111110001000000110000000000100001000001000100001001100101101000101011000000000100001100001000000001000011100000100100001100010
001100000011100000000100100000010001100000000100100100000001000010101001000110000000001100010000000101001000000010000010011000000010000001110000001001001000011000010000000010001010010000000000000001010000000110000000010000000000000010000101000100010001001001001000000000000010001101000010100100001000
111100000001000000000101000000010101001001000001001000010101100000100000010000001100001110000101000100000000010000000000000000100000101100000000001001000000100000100000000000000000010000000000010011100100100000011000000010000000000010001000000001001000001000001100000001000001000000000100000000000011
000100010001000100000000011001000001001001110000000100000010000000000010011110000000001000101011100010000100001000001010000000100100100110000000001010001000100010010100000000100000001101000000000010010001000000101000101000000000000000000000000100000000000101100101000001000001000000000000000001010000
000000000000001000100001000001001100000000000001000000100000000001000110000100000000000000000000110000000001000100010001000001000001110001000001110001001000000100000010000000110100001000000000000000000000001000000000000110000000000000000001110100000000001000000001100100000100000000000000001100000000
000011100000000101000001100000001010001000000001011000000000010000001000010100100000010000010001010001000010000001000000000000100000000000000000000000001100010000010010000000000000000000000100010001100010010001000000000001010000000000000001010100010001001000100000000010100100011100000100000110001010
000000110000011010011010100000000010000101110100100010000001000011000000000100100000011000000000011100000001100100000100010011000110000000110100010000000000100110001000000010000101000001000010000100010000001000000000100000100000000000010100000001000000000000010000100011001101000000000000000000000000
000000001000000000010000000010000100000011000110000000101001010001010011010001000111000100100001111101000001000100000010001000000000000000000001101000000000000101000000000000110000000000000100011110001010001010000000001000001000000000000000010001111000100000100100000000000010000101000101000100010010
000000000000010100000000000000000010000101000000000010010000000001000000000000100000000010100100000010001101000000000100110110010100000010100000000000010000000000010000000001000100000010001000000000000001000000000001000100000000000000000000000100100001000001000010000000000000000000000000000000000100
000000000000010100000000010001000010000010010110000010000000100000000100100001001000010101001100001100101000101001001010000100001000000001011100000000100000000000000000000000000010001000000000000001000101000000000000000000000000000011101000000100000000010000000010100010000000000000000100010000110000
000000101010000000100100000000000001000010000000000000011000001101001000010000110000000011000000000000001010000000000000000100001000110000000101011100000000010000000000000101000000001000000001001100000000011100100010010000000001100000001000000010000000010000000000010000010000000101100000000100000000
001000000000001000101000010101011000010000001000000001001000010000000010010111010001000001000101000000000000000000000000000001000000100000000000000100000001000100010000000001000001001000000000000010011111000000000001000101000000000010101000000000010100010000001000000001000001100000000010010000000000
010001000000000101000000000011010000010000000100011000000000000100000101100000000001000011000100000000011000000000010000010000000000000000110000000000000000000100010000001000010000100000000100101011001010000000000000000000100000000000100100011110010000100000000100000000101001000100010011000000000000
000100000011000101000100001001011000001010010000101000000100010100000000100000100011000000000000001101111000000011000110010001100110010000000100000000000100110000100001101000000000100000000000001000000000001100000001001100111000000100010010011000110100000001000000000000000000000000000000111010001000
011000110100000001001100000010010100010100000000000000001000001000010000000010000010000001100100000010000110000100000000000000101010100000000010110010000001000001000111000010000000000000010010000000110000001001101000001010000000001000011000000000100000100101010000000110100000001000000110100000000000
000010000100000000011000000000100000100010010000000000011000000100000000000000000000000000010000000000100000000000010000001100001011011000000001000100001001001000010000000001000000001010000100001100011000000000101000101001000000100000000000000010000010011010000011000100000100010001100000101000100000
000000010010000000010010000000100000010001000000000000000000100000000001000001000000000000000100000110000000000010110000000000000000000000000001000000000000010000000010100010010010000101000010000000000000110100001000010001010000100110000000000000100000010011001000001000000000000001000000001000000000
001000000000000010000001000000100010100000000000110011110100000010100000001101100000011010010100000010100000000100010000000101001010000110010000001011000110000000000010000100100000000000000000000100100001000100000000100001000000101000001000000000001000001001000110000100000001000000000000000010000000
000101100000000001111000000110100101100000100000010110000000000000010100000000000101000000000000000101000001010010100000001000000001000000010000010010000000000000001000000000000110000100011000001100110000001100000100000100000110000010000001000000000010000000011000000000000000000000000100000101000010
001001100100001000000101000000000110000000000000000010000000000000000100001001001000101011010010010000000000000000010000100011010000010000000100000001000000100000100000000000000000111000000100100000100000000000010000001001000100000010000001000010001001000100000001010000000100001001011011000000000000
000000000000100000001000011000000101000001100000000000100000000000000000000000001000000000000100100100100010000110000011000000000000000101110000100000000001000001010000000000101000001000001010000001001000000000000100000100100000110000001000001000000000100101000000000000000010000100100000000011001010
010000000000000000001001001000000000000110010001000001101000100000010001000000010000000011100000110000100110000000001000010000010000000110010001010100100110010000100010000010000010000000000000000000000000100000000100100000000110101000010100000000100101001001000000000000101000000100010100000100001000
000001001011000110001101000101000000000000000100000000100000010100000010000000000000000101000000000000000000101011001100100000000000100100000000000010000000000010000000001000000001000000010000001010000000000000001000100000001100000000000100010000001100100000100001101000011000001000000000000111000000
000010000001000100110010000000000110000010011000010000110000000010000000000000001010000100011010000000001010100010100000000110111000001100010010010000000000100000000011010001000110001001000000000000001000000000000001100000000000100001000000101000000100000001000000000000010000000000000000001100011010
010000000000000000000000001001000000001000000000100000100010100000101000100000000000000000001000000000000001000100000010000100000000010101101000001100000000101100010100000100001000001010000100100001101000000000000000000000010000000000010000000001000000000000100000100000010000000000000110001000000000
000010001010100110001000000001000000000010000000000011000001000100000100000000000110101000000100100000100000000001010000000001010000100010010000000000000001100000000100010000000000000011000000100010000010000000000100001010010100000001000001001010100110101000110000010100000000100000110001000010000000
000000000000000010001100001101010000000010000000001001000010000000100000010000000010100000100000000000000010010001000110000000000001000000000000000000000001001000000000000000000010000100000101000000100010001000000001010001100110100010000000001001000000110100000000000000000001101000001100000000000000
001000000010100000010000000000000011101000100000000000100000001010000011101000011000011001000001100000000010000010010000100001000000100100000100000000000000000000000101000010000000100000000000000000010000000010001000000000000000000000000010010001011100010001000000000101000000010010000000100000000100
000000000010000011101010000000010001000100000000100000000000010000011000000000100001100011000110000001001100000000010000000000000000101000010100000000000011000000001000000001000010010010001101101000011100000000000000000000000001000000000000000000101010000000001000000010000010000000100000001010100100
010001010111000100000100000000000010000100000011000000000000010000000001000000010000000000000101100001000001000000100000110001000000100000000000000000001000000100000010000010000001000100000000000101000100000000000000010001010000000110000000010000000100010000011000010000000100000000001100001000000010
000000000001010000001010000010000110000000110100000000000000100001011100000000000100001000000000010000000000000010010010100000000001010100010101000010000000101000010000010101001000001000000000010010000000110100100010001000001001000000000000000010000000000000010001001101010000000001000000100000000010
100000000101000010101110100010000000011000000100100101010100100000100001011000000001110000010100000100000101110000010010000000010000000110001010000000101100010000000100001010000001000000000000000000000000010001000000000001001000000000100000001110000100000000110001000001000011000010000010000000011100
001001000000000000000100001000000000010001000000101010000000000000000011000000000000000010001011001000001000000100100000110000000000100000010010011001000000000100100000000000000100011000101000110000011100000100000000000010000000011000100101011001000011000000001000011110010001011100010000100101001011
000000001000001000001010000100000000000011110000110000001010000000001000000000001001000000010011000000000010001000010001000010100010001100000010001001000010001000000000000000000000111001010100001010000000010000000100000000000000110100000000111000010000001000001000000100000000110000100100100000010000
000000000001100100100001000000000000010100000011010000001001000111001000001010101000010000000100100000000000110010000000001000000010101000000111000000000000000000100010000010000100000000010000000101000001100110000000011110010001000000001101000101000000000100010000010000010000101001100100000000001001
001000000000100001000000001000000000000000100000010000001101000001000000001000000000001001000110100111000100010010100000101010000001010000000010001010100000000010000100000000101000000000000100000000010000000100000000000000000000000100000001001000111000000000000010010100001001000000000010000001010000
001000000010101000100000100000000010000110000000000100000010000000010010100010000000000000001000100001000001010000100111101010001100001000010011000000010000001010010100101000000000010001100000000010000111110001001001100100001110000000100000000000100000000000000100100000000001000000100001010010000000
001100001001011000000100000000000000000010011000100001000010000010000101100010001100100001001000001001000000000100000000010000100000110000000000000010000100000000001000000101000000000100100001010001000000000000010100010010000001001100011010001100010001000011000000000000001000000100110001000000100000
001100000000000010100000010001000001000000010000101000101000000000000000000000000001010001010000010000000010001010010101001000000000000001000000000000000011000001000000010000010000001000001100000000001000010011000010000010000001000000000000010000001000111101010111000011011000100000101000000100100000
000100000110000111100010000000000100010000010000000000000010000010110000000000010010001010000011000000000001100000000001000000000100010000010001100000000000000001000000001000110010000000000100110000000001000010000010100000001000000010000000000100010000000010110101001100000000000100010000010000001000
000010000001101111000011010110000000010000000001100000001100111010010000000000010100010000000010000100000001100000010000000100001000010000000110011000011100010001100110000010110000100000101001000010010000000001000000000000000000001000011000001001100000101000000000010010100000000100000001110000000000
000000000100000010000100100000010101001001000011000000100110001001000000001010000000100010000001001000100000000010010010000001000000000000010000010000000000001010000000100100000001000011101000000101000101000011001000010100000000100000110000000000100000000000000100000000000000000100001000000000000000
001100001000011001000000000000000000000010100011000000000000000000000000000000100000011010000001011001110000001001000001000000000001000100000000000000100000010000000011001000000000000100000100101000100011101000101001000000000010110000011000000000000000010010000001010000000100001010000000001000000001
100100000100000111000010001000100000110100000010000010100101110000001011000000110000000100000001000000000100001100000000001010000010000000100100010010000000001000000101000000010010000100001100011000000000100100000000000000000000000000001000000101100001010100000100000000000000000010001000000010000101
000000000010010000000011100100010000000011010010010010100100011000000001100000100100010010000000011100101000100000010000010000000000010010100000000000000000000000000000000000100011001100000100010011000111000000000000010000001000010100001000010100000100000001011000010000010000000000000110000000100000
010010010000111000010100000000000001000101000000000010010100101001000000000000000000011010000000001000000010000000000100000000000100001001000000000000000000100010001000000000011000000000001010000000001100100011000000000001110000000001100001001100010000001000000100000011100000000000000000100010000000
100100010000101101010000100100000100000000100000000000000000101000000010100000010000000000100000100010001100000110001000010010000011100000001000000000100000000010100000001000100000101101010000001000010000100010100010100000000000011000010100000001010000101100000010010000001000100010000000000100010000
000001000011110000010000010100100000000001000000000000000000000100000000001010100000000101001000100000000001000001000001000000011000000110010110000101000010010001000010101000010100110011100000010000000000110000011010000000001000010001000010000000000011000000000100000010001000011100000010000000000000
000001101100000001101010000100100010000101000100000000010000100101000000010010100001000000000000100000001000000001000010100000000100010100001010000010000000101000100000000000000000000000010000000000000000110001010000000000010001000000000000000010000010110000010110010000000000000001000000101100000000
000000000100001010000000000010100000000000110000000100010000000000010101010001000010100011000001000011001001000010000010000000001000000001101100000000001000000000000000101000000001001000000000000000000000000000100000000000100000000100000000000111010110000010010001001010010000000000000000010001100000
000001000001010001010101010100000000000001000000000000000010001010000100010101000001010000010010000001011001001010000010000000001000000100000000000000000010000001000011001000100000010010000000001000010010000101010000000111000011010110000010000000010110000101000000010001100000011000010001100100001000
000000000100100001000001100000000001001000100010100000101001100000000010111101000010010000000001001000100101011000010000000100001000000000001000100101000000000000000000000010100001010001100100000000000000000100010100100000010000001010010000100001000000000101010000000000000001000000011000010010110000
001100001011010000000010000100100001100000001000110000001001001100000000000001000010000001000001000000000101000000000010101000000000001000000000000001001011010010001000001000010000000011001000100010001000000000110001000100000000011110000000000000110000000100010100000000010100001011001000000000000000
100010000000000000000001001100010000100000001000011000000000100010001001000000000001000000000000000000100100100000100000100000000010000000001000000011001000010110000000000100001000000100000000000000000100010001100100001000011000000000000000000101000000000000000000100000111001001001111000011001100110
000010100100000000010110000010001100100000001000100001000000001000000000000010000000001000110000011010100001001100000010000000000000000000100000110001000110000000001001000010010010001000100000001000010000000110110010100000000000100000000001100000000100000000000000000000000000000000011010000000000000
000000000010010011001001000000010100110000010000010101000000000101000000010000000001100000000010000110001000000000010000000000010100100000000001100100010010000000100010000100001001000100100000000000000000000000100000110000000000000010001100100001000100001100000000000000000010010000000011000001100100
000001000000001010000000000001000010000000010000000000000000011000010000000000000100000000001000100100001000001100000100000100001011000001000000100100000000100111000010100000000000000010000000000000000001100110000100000000001010100000100000000100000010100000000001100000000000001110000100010100000000
000000011001000100000000000010000000000000000000000000100110000110000000000000000001000000010100000000000110100001100100000000101000010000000101010010000100110010000000011000100100001000001000100010001001000000000000100001000000000010010000000010000000000100001000000000000000000010001000001010000000
100010000010000000000100101011001000001010000000010100000000000000010000100000001101011011010000001100100100010000000010000000100101100000000000000001000110010000100110001000100000100000010000001000010010001100100100101000000000000000000000000000000010001010001000000010000000001000101100010001000001
000010010010000100000000001000100000001100001100000000000111001000000100000100000001001001001000110000010000010010010000000010001110000000000010100000010100000000000000001100100010000100110000000100000001000010001000010011111001010000000100000001000000011000000001000001010001101000001001000000000101
000000000000000010000000100000001000011100010000001000000000000000010000001001000000000100000000100000100000110000000000000000001100000100000000000101000110000000000001100000000010000010100000100000001000010000000001001101000100000000010010101001000011100000001000000010010100001100000100001100000110
010000000001100001000001100001100011000000000001100000000000000000011100000000110010001000100010010010000000000000000000000000000010000100010000010000110100000100000000000000001010010110100000000000110100000100010000000000000000100001001000100000000000000000011000001001000000000101000000000001001000
000000000001100000000111000000001000000010001100001100010100100100100001000011010000000000100010010000000000100010010100100000000101000100100000100000000000001000010000000010001010000011011110000000100000000010000100000010100010111000000100001000011000101001000010000100000101000000000001010000110000
000100100001000000001110101000001000000000100100000001000000000010000100000000000100000000000001011000000001000000010000001000000000000000000000000100001000001000000000000011010010100000000110000100000010000000000000100000000000000000000000000000010000000010000000000001000100110010000000000010011001
100100011000000000011100000000100100010101000100001011000000010010000000000000000010010110000000010000000000010000011110100000100101000000000110001011001001100010000000100000000000000010000000000000001000000100011001000100100000000000100000000000000100000001000000010000000111000011010100000001001001
110010011000100000000001000000000010000100100001001000000011100000000100110000000001100001000000110001000000100000000001001001000000000000000001000000001001001110000000000010101100000001000000110010101001001000000010100000000110100000100000000101011000000000000000000000000000001001100000000100000000
000110000000000000001010000000101111001000000000001000000000001011000100010000001001000000000000001011000001000000001000100100000000111010000001000001000000000000000000010000001000110100011000000010100100100001000000000000000000100001000000000000000110000001000000000000000000000000010001010100000011
000010010000001000010000000000010000001010000000001001011000000001001000000000100001101001000100010000001000011101000000010000000000001000000000000100000000100000000000000001000010101100010010100100000000000010000000000100100100010100010100000000000000000000000010010000001000000100000001010010010000
000000000000101000000000010000001000000110000000100000000100000000110000100000101000100001000000100110000001000000000011100000001000100010010100010000001000110000000000000010000000000010001001001111001000000000010000010000000001100101000000000100010000000001000110000101010100000000011001001100000000
101000000001011000100000000000000010101000010000000010110011100100000000010010000000010000000000000000010000100000000001101010000100000100000000100000000000000001000000000000000001000000000110111010000001001000100101010100100010000000100010001100101000000000011000000000000000000100100000111000001000
010000100010101000000011000000010101000000000001000010000000010001000001000011000000010000010100000000000000000000001100000010100000000101000010110000000000111000001000010000000010000110000100000000000100001000000000000110000100001000011000000101001001010100000100000000010000100000000010011000000000
100000000000001001010000000001111000100001011000101111001100011100100000000000000101000000010000000000001000010000000000000100000011000100010100000000000000000010110001000000010001000000000000010100101000100000010010000000100110100000000000001100000000001010001000010000001011000000000000000010000000
001000010000000001010010100001010000000100000000011010000111000000000010010000010000001110001000000001010000100100100001001000000000001100000000000000001000000000000000000010000000110000001100000010000000000100000101000000010001000001001010000001010000000110000000000101000000000000000001000001001000
010100100100000010000000011000010101100011000000000000100000010010010110000100100001001000000000010000010110000000000011010000000000000100100000000000100101000000000100100000000010000010000000001000000010001000010010000000100110101001010100000101000000111100000101000011100001101110000100011000001000
000000000000000000000001010000000010010000001001010100010110000000010001100110001010100101000000000000000011000000000010000000000000000010011010010010000000010100011100000000000010010000001000010011011000010100000000010000011000000000000000000000011110010000110000000000100010100001010000000000001000
011000000001000000001000000010110100001001000000100101000000010101000000000010000010000000000000000000010101000010000000000000100000010010011001000000001000001000000000100100001001000100100000000001000100000000110000100100100000000000000101000001000100000001000000010000000010000010000000001000000000
000000000000000000010110010001000100000001000000000001001000000000111100000000000101011000110110000010010000000100000000100011100000010010100000010001000001110001000001000010001000000000000000000100001010000000000000000001011100000100011100000000110000000000010000001010001000000000000000000101010000
100000100100010100000100100000000000000000000100000001000100000000000010000010100000001001000000000000110001000000001010000100000000101001001000001000100101000010100000000000001010000100000000101000000010001001011000010000000000000000000010101010000011000000010010000000000000000100000000010000000000
100000001000000000000000010000101000001000100000100111000000011000010100010000000110001011000001000010100000100000000000000010000001010100000000101000000000100000000001000000101001100000000000100000000100100000001000000000000111110000100000000000000010000000001000100010001000100000010000100000000000
000101111010010000000010000000000000000000000000000000000000100100100000000110001100000011000010010010010000111001010000110000000101000111000110000100000100011101000000100101000000000000010000100000010110000000000000001000001101010000001100000011010110000000000000100000000000001000100000000000000000
001001100100010000001010000010000000000000000000000011001010000000000000000011000000000101100001010001110000100101100011000010000101100000100000000010000011000000100000100000000000000000010001000000000100101001010101010000000010000110000010000000011100010010011000110100000100000000000010100011100000
000000100100000001000000000100000010000000000010000001011000000000110000001100000000101000010100000001000001010000000000010000000000000000000000000100000001001000000011000100001000000000010010010100000100000000000010101000000000010110000001010101000000000101100000100000001100010000000100001001100000
000010110000000000000100000000000100000000011010000000100000000000001011000100000000000000010000000000010000100100000001000101000000000000000010000001000001000000001000000011000010010000100100000100100100000000000000101001000000000000001000011000111110100000000000000010000000000100000110001100000100
101111000000000000010010100000100001000010010000000000000000110101100000000000000000000000100000010000000000000100010000000100000000010000000110000000000000000011011001100000000010000000000000000000000010000101001101001011000000000001010010000000100000001000010001001001000111000000000101010100100000
100100010000000000100000000000001000010001010001000000001000000000000100001000000000000000000010000000100000000100001000110000000000000000001000000000000000000010010000100000000010000010000000100000100000100100010101000010100000010000000100000010001100001001100000010000000000010000000010010010000101
001000110000010110000010000000100010000011000010000010000000100000000000000001000001000110000000110000000100000000000000000100100100010101000000000000001000000000000000001010001001100000000010100000000100000000100010000011000000000010010010100000000001010000011000001100011000001100000101010000000000
011001101100001001001000000010000100000101010010010000000000100001010000000000000001100000001100000001000000001010100000011100010000100000000110000000001000011100110100100000010000000110000000000010100001100110100101000010000000000000000000100000010100000010100001000001000001001000010010100000001010
100010100001000111000000000001101000000000001000000100000000100000000000000001010000001011100000100000000000101001010011000001110000000000001000000000000000000000100000000000110000000010101100101000000100100001000000000011010010001011011100111000000010101000010000010010000000000100000011000000000001
010000111010000000001010000010000000000100011000000100000001001001000001000011010000000010000001000000011000001000000000101011100000001000010010000000000000100100010000000000100001001000001000011000000000100000001001000000000000010010011011010000000011000000000000000010000100000000001011101000001100
000000000000000000000000100101000000000010010000000000000100111011100110000001000000000001000000000011000010000000001100000111000010101000001010000000000001001000000000000100010101000000100001101000000000000001100000001000110000000010000100100100101000100001000100101001000001000010100000100101000100
000010100001000000000010010000100000010001100000010100000011000000000000101010100010010000100000000000000010011000001000000000010001110000000001100000010100001011000000100100000000010000000000111001010000000000000000000000110001011100000000000110110000000100001000101000110001010000110000000000000001
000101000000000000000000000000000000000000010000000010101110100000000010101000000010101010010100001101000000100000011000010000010000010000101010000000010000000000000101000000000000000000010100000000000001000010100011000000000100010000010100000100000000101010000000000000000000000000000000010000001001
100001100000000010100100000000000000000000001000000010000000000000000000010000101100001010101000000000000101000000010100100100001000011011000000000000010110000000000000000001100010000100010000000000100000001100010000000010000000000000000100100001001000100000011010000001000000010111100000010010000010
000010000011000000000001000001000100001000000000011001100101000001000110000010001000001000011100000000000100000000000000000101000001000000010100000010000001100000010010000000000001001110001000010000010010000001001001001000000101011001000000000000001011111010101100000000001000000000000100000000000000
100000000101000001100101000001000000001000100001001000000100110000000000000000010000000000100010001101100111010010100010000010000010000010000000100000011100100100100000000000001001001011100000000001000001000000001010001001001000011000000001010111001001001000000000000100100000001011111010000100100001
001000000010001000000000000011101000100000000010100010101000001000000000110000000000000100000010010000001000000000000010001010010011100010010011000010000010000000011000000000101000000000001000000001000100100001000001011001000010010101100000000000010000101000001000000000000100000010000011000000001010
000000000000010010010011000000000001000000001010000000000000001000000000000000000000101000001001100000000011001011000000000000000001000000000100000000000001000000000000010000000001000000000100100000000010000000010010000100100101001000000000000000010000010101000001000000011101000000000001000000000000
001010010000001001010000000000001110100000000100000000100010000000000001010100000000000000000000000000011100000000000000000000010100000000000011001100000000000011000001000000101100000000010000000010000000000000000000010000010000001000001000000000000000100001110001000000100000000000000000101000111001
000000100000000000000000000000000000000010010001000000000100000100110000100010000000010010100111000001000000000001010000010000000000000100011100001000000000000000000100000000010000000000000000010011000011000000000000000100000001110100100000010000000000000010000100001100000000000100100000000101101001
000000000001101000010001000000100000000100010000101010001000001000001000000000001000000000000000100011000010000100000000010000110001001010001110001101000011000000001000010100110000100000100000000000000000000000000000000000011000011000001000100100000010000001000010000000000000100010000011000010000000
001100000000000000000000001010100000100001000100000000000000010000000000100000000000000100000000110000000000000000010001000000011000100000000010000000000011000000100101100001110101001000010000000000000010100000010100000100001000010000000000000001000000011000100001000000000000000100000010000000010110
100100100101101000000000101000001100000000100100010001100100000110011000001011000000001100010010000001000001000000000000000000010000000000000001011100110010000000000000000001001001010001110001000100100000000100111101000000010000000111001000010010100100001000000000000000000101000001000000000101000001
000000000000000000001000000010000000010000000000000010000000001001010000001000110001000101001101000101000000000000000001000101100100101000000000000000001010010001000001000011000000000000000011000000010000000000000000000101000010000010001000000100000110000000000100110000010011000000000000011001000010
000000001010000100000000000000100000000000000010000000000000000000000011000000010101001001000000000000010000101000000000000100000000100100010100100011000000000000000010110000101000001001001001010101000110000100001011010001010000000000101000001000000001001000000000100000000001100000010100001000001000
010110011001100010000001010001000100000000000000000101010000000110000010000000000100000001001000001000010100000000000000000000000000000000010000000001100001101000010001001000000110001101000000001000000000000000010000001000001100000110000000000100000000000000000000000000010010000100100110000100010000
001010000000110100001000111001000101000010110000001010100000000010101000000001011000000101000000011000000000000000000001110100010000010000000001000101000111000000000000010000010101010000011001101000000000110100100010101001101000100010000110000000000000000011000100111000000000000100000100100010100111
000100000010000011000011100100001101100000000000000010010101000100101010000001000000000000000000000100010000000100001000000111001000010000000000100001000000000101001000011000000100100000000000000000000000100100011000100000101010000100111000000000000010001000010000000101000001000100010000001011100000
000000011000000000010000000110000001010001000110000000100000001000001001010000110110000010100000000000000000000010000001010100000000000101001000000000000101000000011101010101000000000000100001100011000000001010000000110001101010100000000000000110000000001001001000010110001001000000000001000001010001
111000010000000000000010000000011000011100000001010000101000010100010000000001000000100000010000000001100011000001011111000000010000101000010000000000000000010010000001001000100000000000000111100000101010000010000000100111001000011000010000010010001000000001001000010100111000000010000000000000010000
010011001000100000110001001000000001001101000010101000010110100000001001000000110000011001000000010010101000100010001100001000000000000001000101000100100000000001010000000000100001000001000100000000000010000000001000000100000001001000011000000001000000000000001010000010000000000000100100000001000000
000110000000001011000000001101101000000010000000000010000000010000010100100010101000010010000001000000000001100010001000000010000000101010001010000001000010100000101001100000000000101000001010000000100010100000000001000000001000010101110101000000000000000000000000111000000001100000001010000001100100
000010100000000100000000000000000001100111000000000001000110100000000100000000000000000100010000001001001000000000000100000000000000110000010000000000011100011000000000110100000000100011000010000000000100000000001001100000100001000000010010001000000000000011010000000000101001000001000000000000100001
000010101000110000000100010000000001000000010000010000000000011010100010000000010000010101010000000000000000010010000000000000110000001000001101101100000000010100010001000000010000101000011000000001001100100000000101000000000110010001011100001101001100000001100010000000000000100000000011000101000100
001001000000000001110000000000010100000000000001000100100000000100000010010001100000011000000000000010000011000000000000000001000000100010100000010000000000100001100000100000001000100001001000111001010000000000001011000000010000000010000010000000000000000000000100000000010000001000000001110010000100
101000000111000000001000000000111000100010011001100000000001000000000000000100000000000000100001001000110100000001010000000000000000001000000000000000000000011000000000000000000001010010000001000000001000010000000110000000100000100001010000100000010000010000001001111000000000000000001000000011101000
000110000001000000010100000000010000000110000010100100000000010000000000001000000000001000010001010000000000000001010000100010100000001000000011010000100001101100110100010000000001100000100000110000000000101010100000010000010010000100000011010000010110011000000000000110000000000000000000000000000000
001001000000010001000010001000100000100000010000001010010000000000011010000000101001111000010001001010100000100010000001100010000000001001000110010101000000000000001011000001000000010000000000000000000000000000000000100000010010100000010001001000000000001000000101100000010000100100100000111101000000
010001000000000000001001000000000000001001100100000100000000000000000000000011001000000001001000010010000000100010010000000010010000000000000000000010000000100010000001000111001000110000100011011000000001000000010000101100100101010000100001000000001000010000000001000010010011100000000101000000011000
000000000100011101000111010100001000001010010000000000011000000001000100000000000000010010001000100100000000000001100010001010000000000000000001100000000100001010000000001100110000000000100000000000011011000000010100000010100001000010110100000000000111000010000100000010000001011000000000010000000000
000010010010000000000100000000100000001000010000000000010000001000110000010100001100000010000000000001010000100000111000000010011001001000000000110001000010000100000000000000000010110101010110001000000000000000101001000000000000000100010000100010010000000100101000100001000000011100000000000000000100
010110001010001000000001000100000001010100100001000000010000000100010001000100001010000010000000000001100000001000100000100000000000011100000000000000110000010100000000000000000100100000001010000000000000100001100000000100000000000000100000010000000001001000000000000001001000101001000000000010100000
000010110010000001000110111000000000001000001000011000100001010010010000000000000010001010110000010100101000000100100010010010000000000000001010011000000000010001001000000011000000110010000001000000100100000000000001000000000100100000000011001000000000000010110000000101011000000001010000000010010100
000000101100000001100000001000000000011000011000000000000001010000000011100110010001001010101001000000000010100000000000000000000100000000000100001010010000000000001010000000000010000000000000000100100000000000000000000011110000000110000000000011010000100010100100000001001001001000000101010100000001
000000011000100000100000100000010000000110010010100001001000000100110010000000001010100111000000000000010001000010100000010000001010100000000000000000001000000001000001000100101100001010101010100000000000001001000100010000100010010000000000000010010110100010000000001000100000100000000001000100110000
100000100000010101010100000000000010000000100000000000000000001100000000100000000000001001000001000001000001000110000100000000000000010010100000000000000000001000001000000010100000010000000001000000000001000000000000001000000101000110000000100000010000100010000000010000010000000000010000100000010000
001010100001000010000100000000110000000000011001000000100010000100101000000000000000000000010000010000000000101000100011010000001001000011000100001000000000110100000001010010110100010000000000000000000000100000100010000000100001000000001000100000001110000001000001000000000110000100100011001000010000
000100000101000000000000100001100100010011010100010100000011010010010001000000000001000001000000011100000000000000000000111001010000010000001000000110010000100000000000001000100000101000010101000000001010000000000001001010001000011000000000000000000101000001011000000000001000001100000011000000000000
000010000000000000001000000000010001101100000000000100100100001000100000000000000100000000001000000101001001011000000000010000000000010110010000110010000100000000000000010011000000100000010000100000000101010000100011000000000100100100100000000000001000000000000111100000010000000000010001000000000000
000001010100000010000000100100000000111011010010000100000110000000000011000101011000000010001000000001010101000001110101001100000010000100010000000100000010100000010000000000000000001000010000100100000000000000000001100000000000000010001001000000000010010000000000010000000010101001100000010001000000
000101000000110001000100100100001001010000010010000100010010100000000110000000101000000110000011001000100010100000000100000001100000000000000000000000001000000000001110000010101000100000100001001100000110000000101000000000000001000010000010000010100010000100110001001001001100000001000000000000101001
000100001000001100000010000000000100000000001001000001000000000010001100010000101100100000000000001010010010010000000100000000001000101100000010000010000010000000011000000000000101100000001100000100000000000001000100001010010001000000010010000000000110010000000011100010010011000000001000000010000000
000100010101000000100000000000001100110001000000100001000000100000000001001000000001010000010000010000000000000000000001100000100001100000101000001110000000010001000000000100000000000010000000001000000010111000100000000000110100001000000110000100000000000000000000000100010000000000000001000001001110
000000100000000000011010011101001001010000010000000000000001000000101010000000001000101000000000001000011000110111010011100001100000000001000101000001000000000000100000001001000000000000000000000001000000001000000100110000000100000000000000000010100000000000010000000100101001000001000000010010000000
010000001000000100100000010010010100000000000011100100000001100000010000000100000000000000000001100000100000000000000000000000100000000000000000110010000110000100000000100001100110000000000000010100000100101000000101000000000100100110000010000111001100110000011000100000001010101000001000000000001000
011001010100000010000000100000010000000001100010100100001000000101010000000001010000101000000100001000000001100100100000001001100010100000000000000000000100000000000001100000011000100000001000000000000100010000001001100010000000000000000000010001000000101000110010010000100001000000000001000100001000
000000000100000100000000001100011000010000010000001000000100000000000000000110000001100000010100000000000010001001000000100111000110001000011110000100000000010000000000010000110000000000000100100001000000010000000000000000010010000010100000000000000000000000001100000000000000000000001000000000001001
001001000000000000000010100000000110001100000010010010000101000010100000000101001000101100100010001001000110000000000000000100001001001100000111000100000000100001001000100000101000000010000100101100101110000100000001000001000001100000001000000000000000000100001110100010100001000001000001000000000000
000000101001000000100010100010100001000000100000000000001000000000000110000000001100000000000001000100010101000010000000000000000000001010110011000101001010000000110000000000100001011100000100000000100011000001010001000100001001010000100000101000111000000000100100000110000000000000010000010000001000
000000000000000001110001000010010100001000001001010000010010000000011000100000010100011101000000000000000000100100110000000011000010001001010000000000000000000000000000010001000000000011001000001000110000011000000001010000000000000100101100010000000010000000000000000000000000000000000010000000000100
100010110000000001001010000001000000010000010000000100000111000001000000000000010000100100000000000010000000000000100000110110000000000000000001000001001000011001000000000010001000000000000010001100000001001100000000100000000000000000101000000100000000010000000011000000110010001000000000001000100001
000000000010000000001010010000100100000010000000000001111001100000101000001000100011000000100000010000000000000100000001000000000000000000000000000000001000010000100001001000011011100000000000000100001000000100010000000001000000000110101000100000100001000000100000000100100000000000000100001000000000
000000101100011000000100100000000000000010010000000000000000000010010100000100010000010001001000000000011000000000000001000001000000001000100000000000000010000001010001000000100001010000000000110110000000001010100000100010000000100010001000000001001000000000000001001001000000000100000001000000000000
000000001001000011001010100000000000000100000010001011001100000000100100010000000000001100000100000000000001010000000001000010000100011000001100000000000000000001000000100100000000100101000000011110011100000000100000000000000000001000001000000000000000100010000000000000001001010000000011000000011000
000000011010000010000000000101110000000100000000000000000000100100000000000001000000001000100001000100000110000100001100100000000100000000000010100101010000100010010010100100011000000000100000000000101010001000000001000000011101000000010000000001110001000000010000100000000000000000100000000010000000
000000000000000001000000000001100000110000100000000000100000000101100100000000000000000010000010101000100010000100010100100100000000000000000001000000000110100001000010000001000100000000100100000011000000000000001000000000101010111000001100011000100000101000000000000110000000000010001000010110000000
001010001000000000001111001000000000000000100010110110011000100000000000001000000000000010010000101000010100100010000100000100001100000000001000000001000010000001000001000000000011001000000000100001000100100011100010000000000101011000000110010000000100001100010000110111000100101000011000000000000100
000110000000000011010001000001000100100000000001010000000000100000100100011100000001000010001110100000000000100110000100001000000000100101000011000000000001110000000000010010110000001000010010100000000000000000010000000010100000101100000001000000010000000100100000001000000000000000000000000000001010
000001000100000000000100110000100100010011011100110010000101010000000010010000100100001101010100001100010101000000010000000000111000100010000100000000010101000000000000000000000010011000000001010100101000100011011001000100000111000001100000000010000000000100101000100000100010000100000010001101000100
010010000110000100000000001010000000110000000000000000001000000000110110000000011001010000010000010000010000001000110000000000000000000000000000001000000001011000000110001100000000000010000010000100010010000000111001010000011000001000000001000011001000000000100000000100000000000001100000010000110010
000000100000000000000010110000000000001000000010000101000010000100000000011001010011000000010001100001000010010100000010000000000000101000000001001101001000000010011100000000100000100000001010100000100010000110100000001000001100000100001000100100100000001000100000110000000000100000000010010000100000
010001000100000100100010000001000100000000010101000000000100000001000101101001000000000000000001000010010000000100111000010011010000000000101100000100000001000100101001001000000010000001010000010000010000010001000100000000100010000000100000010000011000000110000011000000001010000000000110000000000000
000011000100010001000000010001000100000000000000111000000010000000110010000000100000100101010000000100010001000101000110001100000100000000000010010000000000000010101000000000100100000000000001000101001001001000000010001000110000000100000000100110001101101010100000000000100100000000000000010000000100
000000000000100000001010010000000000010000000000000000000100101010001000000001010010000000100000000000100001000000000000100000001001000000001010000000010000010000000000001000000001100000100001010101000000100000000000000000110100000000001001100000011000110010000010010000010000000001000000001100000001
000000000100000011000110010100100000100000000000100100110010010000100000000001000000000001110100001000100100000000000000000000001000100000100000010001010000000000000100000001010100000000001000010000000000110001000000001000000000000000000001001000100110000000010001011100000000000000001000001000000000
101000100000010000000000010000000000000000010000001001011101101000011010100010100100011000010010000001101100000010000000000101110000010001000101000100000001000000110100000001101000010000000000100000000001011000010011100000000000101001000101100001000000000010010000000000010101110100001000100000000010
000001000001000000011001001010000000100000000111000000000010000010000000110010000000000000000001000001010000001001001110000001010000010000010000000000100000000000000000011001000000000001000000000101000110000000000000000000001010001100000000001000010000101100000101000000000100000010000001010001000000
000000000100110010001000000110000000110010000000000000000000000000011010001000000000100100001000001000000010000000000000100001100001110000000110100101000000000010100100000110100000000000000000000100000010000010000000000000000000100000100100001010010000000000000000000000000100000000000000101000001000
000000101000001001001010101110011000001101010000010001100100000000101011100100010000000110010010010000010110100000110000000000100001100000000000100000000000000000000000000000101000000011000000000000001100011010000000000000000010010011001001100100010100010000000000100000010000010001000000000000100000
