31
0000000000000000000000010000100
0010100010000001000100000000000
0101000000001001000001100000001
0010000100001000110100000000000
0100010100000000111010000000000
0000100000010000000110000010010
0000000000001001001001100001000
0001100000000000000010000000000
0100000000000000001000000001000
0000000000001000000000000000000
0000000000010000000000010000001
0000010000100100000000000000010
0011001001000001001000001010111
0000000000010000000000000000000
0000000000000001001000000011001
0110001000001010000000000000001
0001100000000000000000100100100
0001100000000000000001000000000
0000101010001010000001100000001
0101010000000000000011000100000
0000110100000000000100000000000
0010001000000000011100101000000
0010001000000000101001000100010
1000000000100000000000000010100
0000000000001000000001000110000
0000000000000000100100101000000
0000010000001010000000011000010
0000001010000010000000000000001
1000000000001000100000010000000
0000010000011000000000100010000
0010000000101011001000000001000
