33
000000000000100000001000000000100
001100100010001000011010100001101
010101101001100000011110000010001
011010000000000100111011001000010
000100000001000000001000010101001
001000010010001100000110100001000
011000000000000110010010000000001
000001000000010000000001010000000
001000000000010001000000001000000
000000000001000100010000001000000
010001000000101001000001000110010
001010000100111010000000001100000
101000000011000000000000100100000
000000011001001000010000000100100
010001000011010000000100000000000
000101100100000001000100000000000
000000100001000000000000000100010
000000001010000100000100100001011
000100000000000000000010000000000
011100100100010000001100000010100
111110000000000000010000010100000
001001000000001101010001000000001
011101100000000000100000001000000
000100010010000000000100010010000
010001000000100001000000011110100
000010010000000000001001100000000
000100001101000000000010100001100
000010000011110010001000100000000
001000000010000000010001100001000
010011000000000001000000001010111
110000000000010000010000101001000
000100000010000011000000000001000
011010100000000001000100000001000
