34
0010110010100001011010001000010010
0001000000000000000000000110000001
1000000100000110000001001000000000
0100101001100010000000000000000000
1001000000100110100000100000010100
1000000000110001000001010001010000
0001000000000010100100100100011000
0010000010010100011111000011000000
1000000100100000010000001000000001
0001000000110000001010010010100110
1001110011010000100000000010100010
0000010101100000000000000000000000
0000000000000000001001010110000100
0010100100000010000100001000000000
0011101000000100110100000001100000
1000010000000000000001000000101000
0000101000100010011000011010001000
1000000110000010101000000010000000
1000000101001000110100001010000001
0000001100000110001000000101110000
1000000101000000000000100000001000
0010010100001001000000011101010000
0000101000000000000010000000000011
0000010001001000100001000000001000
1010000010000100101001000000100000
0100001000001000000101000000010010
0100000101101000111000000001000000
0000010100000010000101000010000000
0000000001100011000100001000010000
1000111000000000000101000100100000
0000001000000001100010010000000000
0000100001001000000000000000000001
1000000001100000000000100100000000
0100000010000000001000100000000100
