35
01101001010001010100011010000000100
10010000100000000000001000000000000
10001010000000100000000001000000000
01000010000000000110000100000000000
10100001100100000000001000000101000
00000000000000001100000010000100000
00110000000000000010000100000000001
10001000001000100001010000000000001
01001000000100000001000010000100010
10000000000110001000010000000100100
00000001000100000000000010000000100
00001000111000001000000100010000000
00000000010001010010001000000010000
10000000000010000001000010001000000
00100001000000000101000000000000011
10000000000010000010010000001100010
00000100010100000000000001100000100
10010100000000100000001000100000000
00010010000010010000110000010100110
00000001100001100000000000010000011
00000000000000000010000010000000000
10000001010000010010001011000000010
11001000000010000100010000101100000
00010010000100000000000000000010000
10000100101001000000110000010000000
00100000000000001000010000100001000
00000000000000001100001001000000000
00000000000100000011000010000010000
00000000000001010000001000000100000
00001100110000010010001000001001000
00000000000010000000000100010000010
00001000000000000000000001000100100
10000000011000001010000000000001010
00000000100000110011010000000010100
00000011000000100001000000000000000
