37
0010000000001001010001000000100000010
0000001000000000100010101001000100000
1000000011000011000000001010000000110
0000100000000000010000010000101000010
0001000000100001000100000000000001010
0000000000010001100100000100010010000
0100000000000010000000000000000000000
0000000000001001000000000010000000100
0010000000000011001000000000000000000
0010000000001000011000100001001010000
0000100000000001001001010001001001000
0000010000000010010010000000011011001
1000000101000010000010000010000000100
0000000000000000000000010000011000000
0010001010011000000000010000000000000
1010110110100000000001001000000000000
0100010000000000000000000000000000001
1001000001010000000010011001010001001
0000000011100000000001001100001000000
0000110000000000000010000001000010000
0100000000011000010100011000000000000
1000000000100001001000000001000000000
0100000001000000000000001101000111010
0001000000100110010010000000001000000
0110000000000001011010100010000000001
0000010000000000001000100001001000000
0010000100001000000000001001000011010
0100000001100000010101100110010101000
1001000000000000000000000000000000100
0000010000010100010000000001000000000
0001000001110100001000010100000001001
0100000000000000000000100001000000010
0000010001010000000100100010000000000
0000100000110000010000100011001000000
0010000100001000000000000000100000000
1011100000000000000000100010000100000
0000000000010000110000001000001000000
