39
011001100000000010001110000011100010001
100100000100110000001100100010000000000
100000110000000010010000100000001000000
010000111001001001000100000000000100100
000001100000001000000000100000001000100
100010000000001000000000111000000000000
101110010000000000110011010000000110011
001100101000011100010000001000000000010
000100010000000001000000000010000000001
010000000000001100100100101000010000010
000000000000001000000000000000000010100
000100000000000000000000000001010000000
010000000000011100100000010100010010000
010000010000100100000000000100000000000
000111010110100000001010100010000000001
000000010100110000111001100100000000000
101000000000000001110010001000000000010
000100001000000010010000001011011010100
000000100100100110000000000000000110010
001000110000000111001100000000000110010
110000000000001100010000000000000010001
110100000100000000010000000001000010000
100000100000001010000000010000010000001
000000100000000100000000000000000010001
011011000100001100000000000100100001000
000001100000100000000010000000010100101
000001010100000011000000000000100100110
000000000000110100000000100001000001000
110000001000001001000000000000000000010
100000000001000001000100000100000010100
100000000000000000000000101000000010010
000000000101100001000010010000000000010
001010000000000001000000000000000000000
000100100000000000110000011000000010001
100000100010100001111101000001100100000
000000000000000000000000100100000000011
000110000010000001000000011001000000000
000000110100000010110000001010110001000
100000101000001000001011010000000101000
