42
011110001000000000000101000000000000000011
100000000001000000001001001000000100000011
100000001000110010111000000000000000000000
100000000100100110000010000001000000000000
100000010000010000001000001101000001001000
000000001000000000100100001010100000000000
000000010000000000001110000010110000000001
000010100000000000000000001010110001000000
101001000100000000001000000110000000000000
000100001010000000000000000000011110000000
000000000100000000101010100011000100000010
010000000000000000100100010001110000001000
001100000000000001000000000011110000001000
001010000000001000100000110000100001000010
000000000000010000000001000001100001100010
000100000000000001100100000010000000001001
001100000000000000000010010000100100000110
000000000000100100010000011010101000001110
001001000011010100001101000000000010011010
001000000000000001001100110000001000010000
011010101010000000110110000000000000000000
100001100001000100111000000000100000010000
000100100010000010001000000000000101011000
110000000000001000100000101000010000000000
000000000010010000010001000010101010000010
000000000001010011010000001000000001000100
010011010000000001000001010011000011010000
000010001000000000000000000000000010100100
000001111010100101000000101000000100100000
000110000011101000000000001000001001001000
000001110001111011000100100000010011001000
000000110101100000000001000000100000000000
000000000100000001010000100001000000011000
010000000110000010000010000010000000001000
000000000100000000100000101100100000000000
000010010000011000000010011001100000000000
000000000000001000000000000110000000010010
000000000000000000110110001000001000100000
000010000001100101100010000001101100000000
000000000000000011000000010100000000000000
110000000010011011100000100000000000100000
110000100000000100000000000000000000000000
