44
00100000001000000001000101100010001100000000
00000000000100010000000100100001000000000000
10001001000110101001000000000000000000000000
00000001000100001000010000010000000000000000
00100010010000110000000000100000001000000000
00000010011000001000000000100101000111000000
00001100001000010010100000000011000000010000
00110000110000000011000001011000010110010110
00000001000100000000000010110001100001010000
00001101001000101000010011001000000000000000
10000110010000000000000100001100000011010000
01110000100010000001100010100000000000000000
00100000000100100010001000100100000000000111
00000000000000000000000010000111011000010011
00101000010010011000001000010010000100001000
01001010000000100000001000100010000000000010
00110100010000100000001000001001100010101001
00000000000000000001000000000000110000000000
00000011000010000001000000001001000011101000
10100001000100000110010010000000101111000000
00000010000100000000001100000110010100000000
00010000010000000001000001100001000010000100
00000000000010111000100000011010101010001001
11000000001000000000100000000100110100000100
00000000110101000001000000111101000101000001
10000001010000000000010000000110010001000100
11001100100110010000010010000101000001000001
00010001100000100000001010000000000010000000
00000001011000001010001010000010000001000010
00000100001011000000100111100000010100000110
10000010000001110000101001001000001000001000
01000110100001001010010010100000000001000000
00000000100000001101001100000000001000000000
00000001000001000100100101000100000001110000
10001000000001000001001000000010100000000000
10000101000000100001100110000100000000001100
00000101001000001011011000010000000000000000
00000100101000000011000011101001010000001001
00000000000000001010000000000000010000000010
00000011101001000000000000000000010000000000
00000000000000101010001000000010000101000011
00000001000010000000010101000100000100000000
00000001000011010000000000001100000000101000
00000000000011001000001010100000000001001000
