50
01010001000010000000010000010000000000000000000000
10000100001000010000010001011000000000000100000110
00010000010010011000011000000000000000000000001000
10100000000100000001000100000001100100001110101010
00000110000000100100000011010001000010000000010000
01001000000010000000100000110010000100000000010001
00001000010000010000000000001000000000110101000000
10000000000010010001000000000000001011000000001000
00000000000000001110000110000011000000001001000000
00100010001000011100000010011000100000001100111001
01000000010100000000011000100100010100100000000000
00010000001000000000000110001000001000001100000001
10100101000000000010000010000100000000000010000000
00000000000000010100111000000000000001000001000000
00001000000000000010001000010010010010001100100000
01100011010001000000011001000010110010000001000000
00100000110000000000100001001001000001010100101010
00001000110001000000110010010100000000001010000000
00000000100010100000000000000001001000100011001000
00010001000000000000100000100000100000001100110000
00000100000001001101000000100000001001010000000010
11100000001001010100000111010000000001000100000000
00100000001001110000000000000000000000000000000000
00010000100100000000010000000100100010000010000000
00001000110110000100010000000000000000000000000100
01001000000000011000010000000110110001001001000100
00000100001000000001100000000101100000110000100000
11001100010000100100010000000100000000000110000000
01000010010100001000000000000010010000010001000100
00000000001010000100000101110011110000000110001000
00000100100000110000000001001100101000000100000001
00011000100000001010000000100100101010100000000000
00010000010000010001000101100111000000000110100000
00000000001000110000000001001100000000000111000001
00000001000100000010100000000011000000000000000000
00010100001000000000000000000000000001000000000100
00001001000000110000000100000001000000001000000000
00000001000001001000110001000000000100000100100100
00000010001000000010000000100001000000000100000000
00000010000000001000100000101000000000000000010000
00010000110100100101000001000000000010000001000000
01010010010100101001010000010110110001100000010000
00010000000010000110000100010100110000000000010000
00000010100001010010000001001000010000001000010100
00010000010000101001000000100000100001000000000100
00001100010000000001000000000000000000010111000000
00110001010000001010000000000100000000000000000101
01000000000000000000000011001000000101000001101000
01010000000000001000100000000000000000000000000000
00000100010100000000000000000010010000000000001000
